subject
activity
TimeBodyAccelerometer.mean...X
TimeBodyAccelerometer.mean...Y
TimeBodyAccelerometer.mean...Z
TimeGravityAccelerometer.mean...X
TimeGravityAccelerometer.mean...Y
TimeGravityAccelerometer.mean...Z
TimeBodyAccelerometerJerk.mean...X
TimeBodyAccelerometerJerk.mean...Y
TimeBodyAccelerometerJerk.mean...Z
TimeBodyGyroscope.mean...X
TimeBodyGyroscope.mean...Y
TimeBodyGyroscope.mean...Z
TimeBodyGyroscopeJerk.mean...X
TimeBodyGyroscopeJerk.mean...Y
TimeBodyGyroscopeJerk.mean...Z
TimeBodyAccelerometerMagnitude.mean..
TimeGravityAccelerometerMagnitude.mean..
TimeBodyAccelerometerJerkMagnitude.mean..
TimeBodyGyroscopeMagnitude.mean..
TimeBodyGyroscopeJerkMagnitude.mean..
FrequencyBodyAccelerometer.mean...X
FrequencyBodyAccelerometer.mean...Y
FrequencyBodyAccelerometer.mean...Z
FrequencyBodyAccelerometer.meanFreq...X
FrequencyBodyAccelerometer.meanFreq...Y
FrequencyBodyAccelerometer.meanFreq...Z
FrequencyBodyAccelerometerJerk.mean...X
FrequencyBodyAccelerometerJerk.mean...Y
FrequencyBodyAccelerometerJerk.mean...Z
FrequencyBodyAccelerometerJerk.meanFreq...X
FrequencyBodyAccelerometerJerk.meanFreq...Y
FrequencyBodyAccelerometerJerk.meanFreq...Z
FrequencyBodyGyroscope.mean...X
FrequencyBodyGyroscope.mean...Y
FrequencyBodyGyroscope.mean...Z
FrequencyBodyGyroscope.meanFreq...X
FrequencyBodyGyroscope.meanFreq...Y
FrequencyBodyGyroscope.meanFreq...Z
FrequencyBodyAccelerometerMagnitude.mean..
FrequencyBodyAccelerometerMagnitude.meanFreq..
FrequencyBodyAccelerometerJerkMagnitude.mean..
FrequencyBodyAccelerometerJerkMagnitude.meanFreq..
FrequencyBodyGyroscopeMagnitude.mean..
FrequencyBodyGyroscopeMagnitude.meanFreq..
FrequencyBodyGyroscopeJerkMagnitude.mean..
FrequencyBodyGyroscopeJerkMagnitude.meanFreq..
Angle.TimeBodyAccelerometerMean.Gravity.
Angle.TimeBodyAccelerometerJerkMean..GravityMean.
1	1	LAYING	0.2215982	-0.040513953	-0.11320355	-0.2488818	0.705549773	0.445817720	0.08108653	3.838204e-03	1.083424e-02	-0.0165530940	-0.064486124	0.1486894363	-0.10727095	-0.04151729	-0.074050121	-0.8419291525	-0.8419291525	-0.954396265	-0.874759548	-0.96346103	-0.93909905	-0.867065205	-0.88266688	-1.587927e-01	0.097534842	0.0894376552	-0.957073884	-0.922462610	-0.94806090	0.13241909	2.451362e-02	0.024387945	-0.85024917	-0.95219149	-0.90930272	-0.003546796	-0.091529131	0.0104581257	-0.861767648	0.0864085629	-0.933300361	0.266391154	-0.8621901854	-0.1397750127	-0.94236695	0.1764859071	2.136597e-02	0.0030604074
2	1	SITTING	0.2612376	-0.001308288	-0.10454418	0.8315099	0.204411593	0.332043703	0.07748252	-6.191028e-04	-3.367792e-03	-0.0453500565	-0.091924155	0.0629313812	-0.09367938	-0.04021181	-0.046702627	-0.9485367862	-0.9485367862	-0.987364196	-0.930892490	-0.99197634	-0.97964124	-0.944084550	-0.95918489	-4.951360e-02	0.075946077	0.2388298701	-0.986597023	-0.981579467	-0.98605309	0.25661082	4.754378e-02	0.092392003	-0.97616146	-0.97583859	-0.95131554	0.189153021	0.063127067	-0.0297839207	-0.947782923	0.2366550117	-0.985262127	0.351852202	-0.9584355894	-0.0002621867	-0.98979755	0.1847759281	2.744155e-02	0.0297097878
3	1	STANDING	0.2789176	-0.016137590	-0.11060182	0.9429520	-0.272983832	0.013490582	0.07537665	7.975731e-03	-3.685250e-03	-0.0239877348	-0.059397221	0.0748007510	-0.09960921	-0.04406279	-0.048950547	-0.9842782074	-0.9842782074	-0.992367791	-0.976493793	-0.99496679	-0.99524993	-0.977070848	-0.98529710	8.651536e-02	0.117478949	0.2448585858	-0.994630797	-0.985418705	-0.99075217	0.31418294	3.916190e-02	0.138581479	-0.98638679	-0.98898446	-0.98077312	-0.120293021	-0.044719198	0.1006076351	-0.985356361	0.2845552908	-0.992542478	0.422220102	-0.9846176234	-0.0286057725	-0.99481538	0.3344987343	-2.223407e-04	0.0219637827
4	1	WALKING	0.2773308	-0.017383819	-0.11114810	0.9352232	-0.282165021	-0.068102864	0.07404163	2.827211e-02	-4.168406e-03	-0.0418309635	-0.069530046	0.0849448173	-0.08999754	-0.03984287	-0.046130930	-0.1369711766	-0.1369711766	-0.141428809	-0.160979553	-0.29870368	-0.20279431	0.089712726	-0.33156012	-2.075484e-01	0.113093646	0.0497265196	-0.170546965	-0.035225524	-0.46899922	-0.20926197	-3.862371e-01	-0.185530281	-0.33903220	-0.10305942	-0.25594094	0.014784499	-0.065774619	0.0007733216	-0.128623451	0.1906437244	-0.057119400	0.093822181	-0.1992525690	0.2688443675	-0.31930859	0.1906634488	6.045375e-02	-0.0079303785
5	1	WALKING_DOWNSTAIRS	0.2891883	-0.009918505	-0.10756619	0.9318744	-0.266610339	-0.062119959	0.05415532	2.965045e-02	-1.097197e-02	-0.0350781903	-0.090937129	0.0900850142	-0.07395920	-0.04399028	-0.027046106	0.0271882914	0.0271882914	-0.089447481	-0.075741254	-0.29546384	0.03822918	0.001549908	-0.22557447	-3.073952e-01	0.063220084	0.2943227008	-0.027663868	-0.128667158	-0.28833474	-0.25316434	-3.375897e-01	0.009372239	-0.35244963	-0.05570225	-0.03186943	-0.100453729	0.082551149	-0.0756762068	0.096584534	0.1191871428	0.026218495	0.076491547	-0.1857202857	0.3496138955	-0.28196336	0.1900007062	-2.695125e-03	0.0899316866
6	1	WALKING_UPSTAIRS	0.2554617	-0.023953149	-0.09730200	0.8933511	-0.362153364	-0.075402940	0.10137273	1.948631e-02	-4.556254e-02	0.0505493798	-0.166170015	0.0583595464	-0.12223277	-0.04214859	-0.040712553	-0.1299276307	-0.1299276307	-0.466503446	-0.126735590	-0.59488287	-0.40432178	-0.190976721	-0.43334970	-4.187350e-01	-0.160697214	-0.5201147936	-0.479875246	-0.413444588	-0.68547435	-0.37702313	-5.094955e-01	-0.551104284	-0.49261167	-0.31947461	-0.45359721	-0.187450248	-0.473574787	-0.1333739043	-0.352395945	-0.0977433496	-0.442652162	0.085352409	-0.3259614574	-0.2193033761	-0.63466508	0.1142773425	9.608608e-02	-0.0610838413
7	2	LAYING	0.2813734	-0.018158740	-0.10724561	-0.5097542	0.752536639	0.646834880	0.08259725	1.225479e-02	-1.802649e-03	-0.0184766067	-0.111800825	0.1448828461	-0.10197413	-0.03585902	-0.070178302	-0.9774354852	-0.9774354852	-0.987741696	-0.950011570	-0.99176707	-0.97672506	-0.979800878	-0.98438098	-1.464828e-01	0.257289465	0.4025325534	-0.985813631	-0.982768250	-0.98619713	0.15980833	1.212064e-01	0.190558218	-0.98643114	-0.98332164	-0.96267189	0.102611319	0.042280668	0.0552985986	-0.975110196	0.2662982125	-0.985374115	0.341758575	-0.9721129727	0.0185644722	-0.99024870	0.2648015054	5.791810e-03	-0.0063555765
8	2	SITTING	0.2770874	-0.015687994	-0.10921827	0.9404773	-0.105630024	0.198726769	0.07225644	1.169545e-02	7.605469e-03	-0.0454706620	-0.059928680	0.0412277462	-0.09363284	-0.04156020	-0.043585097	-0.9678936239	-0.9678936239	-0.986774713	-0.946035087	-0.99108149	-0.98580384	-0.957343498	-0.97016217	8.519282e-02	0.150193956	0.0960646760	-0.987848794	-0.977139703	-0.98512905	0.30554682	2.624486e-02	0.092903063	-0.98262139	-0.98210092	-0.95981482	0.130523121	-0.192142738	0.0409472349	-0.961273748	0.1309342029	-0.983874699	0.280062424	-0.9718405961	-0.1063589092	-0.98986195	0.1947221493	3.952843e-02	-0.0033928669
9	2	STANDING	0.2779115	-0.018420827	-0.10590854	0.8969286	-0.370062697	0.129747161	0.07475886	1.032918e-02	-8.371588e-03	-0.0238623876	-0.082039658	0.0878351695	-0.10556216	-0.04224195	-0.054653948	-0.9658751813	-0.9658751813	-0.980489077	-0.963466342	-0.98395190	-0.98394674	-0.959871697	-0.96247120	1.085192e-01	0.062337807	0.1044624996	-0.980973242	-0.970851338	-0.97977515	0.33144928	-5.693683e-02	0.039649818	-0.96703711	-0.97257615	-0.96062770	-0.107416045	-0.171160370	0.0002268106	-0.964052166	0.1196499639	-0.977065296	0.304871865	-0.9617759048	-0.0661266046	-0.97784983	0.1606628239	-1.368192e-02	0.0411822245
10	2	WALKING	0.2764266	-0.018594920	-0.10550036	0.9130173	-0.346607090	0.084727087	0.06180807	1.824927e-02	7.895337e-03	-0.0530258157	-0.048238232	0.0828336633	-0.08188334	-0.05382994	-0.051493916	-0.2904075937	-0.2904075937	-0.281424154	-0.446549093	-0.54791195	-0.34604816	-0.021904810	-0.45380637	-1.457955e-01	0.198586467	0.0688995208	-0.304615323	-0.078764084	-0.55495671	-0.07271016	-2.635740e-01	-0.254846439	-0.42971354	-0.55477211	-0.39665991	0.007279680	-0.042700932	0.1397521153	-0.324289428	0.3932062083	-0.169064353	0.207500927	-0.5307048147	0.3052838253	-0.58324929	0.1263446144	-3.010174e-02	0.0534005801
11	2	WALKING_DOWNSTAIRS	0.2776153	-0.022661416	-0.11681294	0.8618313	-0.325780101	-0.043889016	0.11004062	-3.279591e-03	-2.093517e-02	-0.1159473529	-0.004823292	0.0971738089	-0.05810385	-0.04214703	-0.071022982	0.0899511205	0.0899511205	0.005655163	-0.162188587	-0.41087267	0.11284116	0.278345042	-0.13129077	-2.737116e-01	0.011930961	0.0903678547	0.138120681	0.096209161	-0.27149872	-0.14389815	-3.575145e-01	-0.234703932	-0.14577597	-0.36191382	-0.08749447	-0.037529802	0.077089456	0.1367749584	0.293424827	0.0938321298	0.222247410	0.018835511	-0.3208385436	0.1039712417	-0.38017531	-0.0512479641	-2.432911e-02	-0.0063755052
12	2	WALKING_UPSTAIRS	0.2471648	-0.021412113	-0.15251390	0.7907174	-0.416214890	-0.195888239	0.07445078	-9.709855e-03	1.948144e-02	-0.0576912635	-0.032088310	0.0688374022	-0.08288580	-0.04240537	-0.044515748	-0.1073226795	-0.1073226795	-0.321268911	-0.219713473	-0.57281644	-0.26672093	0.009924459	-0.28100199	-2.817480e-01	-0.061889446	-0.2365890923	-0.258639440	-0.187842132	-0.52272806	-0.04911429	-2.876889e-01	-0.374218485	-0.33164358	-0.48808612	-0.24860112	-0.115324434	-0.130357851	-0.0773418117	-0.145318539	0.1076803952	-0.189511137	-0.011916823	-0.4506121848	-0.0227527690	-0.60079850	0.0467433991	9.465111e-02	-0.0077546690
13	3	LAYING	0.2755169	-0.018955679	-0.10130048	-0.2417585	0.837032100	0.488703185	0.07698111	1.380410e-02	-4.356259e-03	-0.0208170540	-0.071850716	0.1379995611	-0.10004450	-0.03897718	-0.068733870	-0.9727913461	-0.9727913461	-0.979484593	-0.951564751	-0.98671363	-0.98066561	-0.961169983	-0.96833214	-7.395264e-02	0.238470751	0.2169716717	-0.980513202	-0.968752114	-0.97912234	0.17597855	-1.317750e-02	0.044819691	-0.97016726	-0.97809968	-0.96234196	-0.082216645	-0.026682011	0.1476864555	-0.965524275	0.2369901279	-0.975949598	0.238611134	-0.9645867248	-0.0229296115	-0.98427825	0.1106977042	1.789594e-02	0.0166479534
14	3	SITTING	0.2571976	-0.003502998	-0.09835792	0.9010990	0.127303379	0.139020582	0.07260984	2.725291e-03	-4.233484e-03	-0.0385365205	-0.075241003	0.0940113976	-0.10360589	-0.03609099	-0.059007997	-0.8953833502	-0.8953833502	-0.969080753	-0.919354372	-0.97799805	-0.97015444	-0.891907751	-0.91798793	3.129894e-02	-0.006616306	0.0478619586	-0.974950363	-0.954170151	-0.97084567	0.21573183	-9.591487e-02	-0.043747343	-0.95755064	-0.95617355	-0.93496796	0.052084449	-0.166042259	-0.0387467420	-0.904185726	0.0281600787	-0.965888892	0.286795770	-0.9466649437	-0.1155257652	-0.97789811	0.0871902339	3.271729e-02	0.0040782968
15	3	STANDING	0.2800465	-0.014337656	-0.10162172	0.9350308	-0.301735130	0.024763107	0.07509006	7.716636e-03	-8.071779e-03	-0.0246626071	-0.058510192	0.0665262054	-0.09946026	-0.04724158	-0.041683216	-0.9254308190	-0.9254308190	-0.959303840	-0.892089349	-0.96233934	-0.96012341	-0.908075354	-0.93950774	-8.702483e-02	-0.128180130	0.0077189788	-0.957666857	-0.943497974	-0.96917490	0.07495644	-2.581648e-01	-0.112367642	-0.90128227	-0.93771116	-0.91617254	-0.297107442	-0.316011207	-0.2291200911	-0.926968932	-0.0003327540	-0.948627468	0.129816298	-0.9136823626	-0.3098221614	-0.96033172	-0.0206307818	7.727706e-03	0.0246545251
16	3	WALKING	0.2755675	-0.017176784	-0.11267486	0.9365067	-0.261986358	-0.138107866	0.08147459	1.005915e-02	-5.622646e-03	-0.0256405193	-0.077915094	0.0813485943	-0.09523982	-0.03878747	-0.050361610	-0.2546903333	-0.2546903333	-0.280009317	-0.466411754	-0.56613522	-0.31661401	-0.081302435	-0.41237407	-2.466142e-01	0.171743003	0.0748536557	-0.304694443	-0.140508590	-0.51413726	-0.21604267	-2.586680e-01	-0.346946648	-0.43784576	-0.56152627	-0.41812622	0.033759690	-0.037989651	-0.0445079739	-0.290031535	0.1134943128	-0.186764517	-0.117163983	-0.5697557722	0.1809464630	-0.60775165	0.0457622958	5.275028e-02	-0.0763020649
17	3	WALKING_DOWNSTAIRS	0.2924235	-0.019355408	-0.11613984	0.9390578	-0.228829214	-0.102352758	0.07256893	1.097078e-02	-2.027280e-03	-0.1315732765	-0.013935804	0.1238267384	-0.07787017	-0.03915679	-0.041619313	-0.0628126118	-0.0628126118	-0.205239247	-0.215294501	-0.50856758	-0.04217069	-0.007700483	-0.40445241	-3.258637e-01	0.052906524	-0.0566003045	-0.090670713	-0.135938543	-0.52905945	-0.22959943	-3.560233e-01	-0.274421716	-0.12906657	-0.54269416	-0.30286646	-0.159888621	-0.109972458	0.0910072842	0.028941320	0.0439616686	-0.049477977	0.043496784	-0.3323766294	-0.0516699550	-0.57627720	0.0654444361	-4.757942e-02	-0.0108494994
18	3	WALKING_UPSTAIRS	0.2608199	-0.032410941	-0.11006486	0.8835334	-0.382851154	-0.162943955	0.04268810	3.972493e-02	2.082055e-02	0.0721980309	-0.139275406	0.0215603697	-0.11551057	-0.04003725	-0.049818087	-0.1840148950	-0.1840148950	-0.436901159	-0.347321812	-0.65886140	-0.39200421	-0.078809416	-0.50449453	-4.612497e-01	-0.100019162	-0.2788959113	-0.478434306	-0.283772547	-0.67731453	-0.32515113	-4.537898e-01	-0.442664136	-0.37821668	-0.63729351	-0.43150336	-0.145536204	-0.339321488	-0.1020138341	-0.315866079	0.0238218745	-0.412920898	0.090494409	-0.5142115837	-0.1777305915	-0.71687778	0.0753843585	1.348856e-02	0.1151768012
19	4	LAYING	0.2635592	-0.015003184	-0.11068815	-0.4206647	0.915165104	0.341531311	0.09344942	6.933132e-03	-6.410543e-03	-0.0092315635	-0.093012818	0.1697204041	-0.10501988	-0.03812304	-0.071215629	-0.9545576031	-0.9545576031	-0.970095772	-0.930236463	-0.98506850	-0.95880208	-0.938883374	-0.96750428	-2.741946e-01	0.366231449	0.2013295920	-0.978542457	-0.943969987	-0.97538333	0.18243648	9.874288e-02	0.077021117	-0.96720374	-0.97218784	-0.96147926	-0.066092182	-0.526889996	0.1528863116	-0.939389701	0.2416978998	-0.962287125	0.274027350	-0.9615566602	-0.2598519698	-0.98360907	0.2029493815	-2.357753e-03	-0.0155037568
20	4	SITTING	0.2715383	-0.007163065	-0.10587460	0.8693030	0.211622540	0.110120481	0.07845002	-1.085822e-02	-1.215000e-02	-0.0494435116	-0.089430061	0.1011503348	-0.09694948	-0.04184839	-0.048996435	-0.9356948200	-0.9356948200	-0.970132284	-0.926063314	-0.98049046	-0.97746250	-0.905782932	-0.95178374	3.738176e-02	0.078786009	0.0120942660	-0.976845713	-0.944298391	-0.97515491	0.21301992	-7.528997e-02	0.012245577	-0.96058964	-0.96758365	-0.93377689	0.109092658	-0.394745540	-0.1457260342	-0.929002095	0.0280921106	-0.962500734	0.227198015	-0.9487697524	-0.2000847576	-0.97654776	0.0859342030	-1.075347e-02	-0.0075990574
21	4	STANDING	0.2804997	-0.009489111	-0.09615749	0.9561978	-0.075900906	0.166893826	0.07213284	-6.530157e-03	-2.118899e-02	-0.0306449342	-0.061824851	0.0755636431	-0.10305789	-0.04612572	-0.049075350	-0.9064780518	-0.9064780518	-0.963370738	-0.900982101	-0.96761407	-0.97349755	-0.889549205	-0.93164342	6.210000e-02	-0.066987505	-0.0377822772	-0.972310894	-0.937624242	-0.96864841	0.27221398	-1.264506e-01	0.071105663	-0.90546416	-0.95599295	-0.91528096	-0.274809641	-0.364372375	-0.2231091545	-0.917614015	-0.1029717577	-0.956139284	0.201262207	-0.9142091657	-0.2861283121	-0.96447114	0.0609850024	1.473124e-02	0.0045729089
22	4	WALKING	0.2785820	-0.014839948	-0.11140306	0.9639997	-0.085854027	0.127764113	0.07835291	2.956024e-03	-7.676793e-04	-0.0317982558	-0.072690528	0.0805677161	-0.11532156	-0.03934745	-0.055116685	-0.3120505742	-0.3120505742	-0.366700880	-0.497792201	-0.68130404	-0.42671945	-0.149399633	-0.63100547	-1.385916e-01	0.012347734	-0.0787892637	-0.358883414	-0.279553392	-0.72899160	-0.13528039	-3.858809e-01	-0.325737504	-0.37338454	-0.68846006	-0.60138113	-0.127154086	-0.274665638	0.1498515347	-0.450804558	0.3820964100	-0.318587811	0.111486485	-0.6092855880	0.0697301245	-0.72432742	0.2653553740	-1.200978e-02	0.0009211045
23	4	WALKING_DOWNSTAIRS	0.2799653	-0.009802009	-0.10677752	0.9477319	-0.062085277	0.148714809	0.09718627	5.637802e-03	-7.291378e-03	-0.1028388225	-0.070402595	0.0592639495	-0.09212827	-0.03484349	-0.049283644	-0.0491616727	-0.0491616727	-0.228851414	-0.346606293	-0.59284301	-0.07223923	-0.129606639	-0.49468345	-3.422857e-01	0.213581745	0.0478375670	-0.161632908	-0.172941629	-0.58391737	-0.17911518	-1.812932e-01	-0.169702261	-0.24029889	-0.71754584	-0.31830648	-0.127145377	-0.185485631	0.3770740968	-0.019074335	0.1010781709	-0.175295287	0.092623694	-0.4292133696	0.0600292046	-0.62175246	0.1444369257	6.337594e-04	-0.0525297219
24	4	WALKING_UPSTAIRS	0.2708767	-0.031980430	-0.11421946	0.9462643	-0.232944305	0.084167538	0.05609719	2.340190e-02	3.402808e-03	0.0393825199	-0.085947168	0.0843753843	-0.13147207	-0.03905088	-0.072249626	-0.1537039354	-0.1537039354	-0.400922255	-0.299779408	-0.68697837	-0.29448827	-0.117109161	-0.52465572	-4.868117e-01	-0.066234848	-0.2305367066	-0.418304647	-0.297805187	-0.69010693	-0.37965361	-3.927019e-01	-0.319649297	-0.37106899	-0.68431020	-0.35076574	-0.206073104	-0.491527601	-0.1301342081	-0.276825498	-0.1080171717	-0.397406285	0.049746274	-0.5757940721	-0.1502744792	-0.74074923	0.1795170123	5.920515e-02	-0.0050623654
25	5	LAYING	0.2783343	-0.018304212	-0.10793760	-0.4834706	0.954890346	0.263644692	0.08481648	7.474608e-03	-3.040672e-03	-0.0218935014	-0.079870960	0.1598943669	-0.10211413	-0.04044469	-0.070830969	-0.9667778829	-0.9667778829	-0.980141254	-0.946938301	-0.98641942	-0.96874168	-0.965419521	-0.97700772	-1.356325e-01	0.466528232	0.1323108713	-0.982689657	-0.965328566	-0.98325031	0.23991516	1.956773e-01	0.091693879	-0.97579749	-0.97824965	-0.96320295	-0.022723586	0.068124848	0.0413600281	-0.962234984	0.2920320950	-0.977356380	0.197005001	-0.9682570688	0.1024417659	-0.98461803	0.0247367107	2.120919e-02	0.0553647963
26	5	SITTING	0.2736941	-0.009900835	-0.10854030	0.8807314	0.168445524	0.143006858	0.07495774	-2.787733e-03	3.386096e-03	-0.0422355210	-0.083548408	0.0823934452	-0.08897477	-0.04547030	-0.048771473	-0.9379783225	-0.9379783225	-0.969320156	-0.934301647	-0.97384829	-0.97745081	-0.921434736	-0.94606422	-2.093305e-02	0.068459003	0.0403161796	-0.976024951	-0.954237490	-0.96950133	0.07573562	-1.318617e-01	-0.064496073	-0.95711725	-0.95546036	-0.93800343	0.125891359	-0.187706341	0.0966833908	-0.936290605	0.0586075165	-0.964440302	0.245936717	-0.9447603220	-0.0057835009	-0.97159837	0.0812901326	2.870365e-02	-0.0209532539
27	5	STANDING	0.2825444	-0.007004186	-0.10217110	0.9601887	-0.038710127	0.138638437	0.07251899	-2.219902e-03	-1.228122e-02	-0.0322711903	-0.050987505	0.0690945764	-0.09222499	-0.03991082	-0.042222134	-0.9061047011	-0.9061047011	-0.956863566	-0.900671631	-0.95840590	-0.96450092	-0.890796361	-0.91508380	-1.640668e-02	-0.008944132	-0.0282875225	-0.963059235	-0.931370209	-0.95843873	0.15046308	-1.436818e-01	-0.033363702	-0.90966180	-0.93937352	-0.90719084	-0.178598411	-0.162944927	-0.1091803638	-0.904641392	-0.0169422323	-0.941825903	0.140971601	-0.9045439216	-0.1577688712	-0.95228644	-0.0393135966	-8.608569e-03	-0.0057222439
28	5	WALKING	0.2778423	-0.017285032	-0.10774178	0.9726250	-0.100440285	0.002476236	0.08458888	-1.631941e-02	8.321594e-05	-0.0488919897	-0.069013525	0.0815435496	-0.08884084	-0.04495595	-0.048267960	-0.1583386744	-0.1583386744	-0.288333024	-0.355933084	-0.44453249	-0.28778261	0.009460378	-0.49025109	-3.223820e-01	-0.002040511	0.0247389729	-0.344954806	-0.181055554	-0.59049662	-0.35937258	-5.340498e-01	-0.344150925	-0.37266875	-0.51395172	-0.21312703	-0.045860194	-0.019186012	0.1674578191	-0.304992489	0.1498525222	-0.269481661	-0.004972878	-0.4842628289	0.2506206098	-0.54805357	0.0527330125	-3.228682e-02	-0.0117215776
29	5	WALKING_DOWNSTAIRS	0.2935439	-0.008501075	-0.10031993	0.9566494	-0.060757832	0.021677791	0.10965060	1.376182e-02	2.133977e-02	-0.0682945699	-0.070780600	0.0806559990	-0.11014901	-0.07082966	-0.039965694	0.2111388536	0.2111388536	-0.063752856	-0.218029835	-0.39719562	0.09843201	0.079228069	-0.37474009	-4.535245e-01	0.036366239	-0.0043722037	-0.036801215	-0.056803296	-0.49197995	-0.35091162	-4.709947e-01	-0.303523361	-0.29534510	-0.38248308	-0.03417503	-0.008922866	-0.007642421	0.2115558070	0.155742169	-0.0137055065	0.009183943	0.110968065	-0.3493384147	0.2046337575	-0.45369725	0.0723815085	-3.973846e-02	-0.0414008516
30	5	WALKING_UPSTAIRS	0.2684595	-0.032526976	-0.10747145	0.9368218	-0.265942569	-0.023203536	0.07954435	1.401304e-02	-2.559095e-02	0.0395191121	-0.117195552	0.0424442819	-0.14302969	-0.05598958	-0.053489540	0.0435562022	0.0435562022	-0.247403477	-0.235516929	-0.47348817	-0.16148534	0.072890316	-0.45747068	-4.277061e-01	-0.122487324	-0.1352646159	-0.289725470	-0.196817921	-0.60671746	-0.39783558	-5.770094e-01	-0.339640933	-0.26361510	-0.51660905	-0.13980139	-0.061580336	-0.138063832	0.0608132840	-0.169261525	-0.0204948538	-0.264674939	0.124513300	-0.3925645309	-0.0234001988	-0.57134414	0.0057863112	-2.042244e-02	-0.0772287024
31	6	LAYING	0.2486565	-0.010252917	-0.13311957	-0.4767099	0.956593814	0.175867709	0.09634820	-1.145292e-03	3.288173e-03	-0.0079605027	-0.107218315	0.1791020582	-0.11126728	-0.04241043	-0.071777474	-0.9188788508	-0.9188788508	-0.954750505	-0.908980175	-0.95564574	-0.93911425	-0.923706791	-0.93804491	-2.197299e-01	0.348418746	0.1614579278	-0.967072437	-0.936043420	-0.95442584	0.01147319	-2.220295e-02	0.078468403	-0.93543977	-0.94177154	-0.93263661	0.102549066	0.023656780	0.0445225538	-0.912351652	0.1446050868	-0.948655471	0.182525078	-0.9301536395	0.1193175229	-0.95369596	0.1637653187	4.989439e-03	0.0322170354
32	6	SITTING	0.2767785	-0.014591162	-0.11012773	0.9336929	0.068262866	0.069521966	0.07547216	2.556498e-06	6.237278e-03	-0.0372442283	-0.089908330	0.0854346006	-0.09366935	-0.03339867	-0.046550431	-0.9495435313	-0.9495435313	-0.962733502	-0.932703812	-0.96292923	-0.97535145	-0.928264365	-0.93579812	3.046954e-03	0.123381830	0.0818455300	-0.971037480	-0.947070821	-0.95419979	0.09994006	-1.509345e-01	-0.091348467	-0.93967140	-0.94385739	-0.93476490	0.139409517	-0.129239218	0.0438103633	-0.935750391	0.1289020462	-0.948348654	0.171844520	-0.9297256793	0.0461735838	-0.95203457	0.1218465020	2.327624e-03	-0.0238156430
33	6	STANDING	0.2803462	-0.018123633	-0.11217283	0.9451390	-0.230251036	0.013919347	0.07306996	8.718840e-03	-4.817122e-03	-0.0282519130	-0.058982364	0.0767394746	-0.10329253	-0.04288283	-0.050643219	-0.9450228765	-0.9450228765	-0.967102436	-0.939404744	-0.96340622	-0.97710029	-0.930336472	-0.94286402	6.645218e-02	-0.086631998	0.0208815076	-0.973480539	-0.951405465	-0.96374352	0.18655923	-2.510139e-01	-0.071533989	-0.93161238	-0.94327315	-0.94323960	-0.114716166	-0.195978463	-0.0778747191	-0.945949804	0.0373542194	-0.955914005	0.190943682	-0.9266642970	-0.0701196903	-0.95542514	0.0276252655	1.234945e-02	-0.0073786249
34	6	WALKING	0.2836589	-0.016895419	-0.11030317	0.9580675	-0.214694852	0.033188883	0.06995859	-1.648317e-02	-7.389312e-03	-0.0255096186	-0.074446247	0.0838808799	-0.08788911	-0.03623090	-0.053959728	-0.1668407136	-0.1668407136	-0.195117026	-0.281207841	-0.32129048	-0.18793432	0.140781622	-0.49852016	-1.968417e-01	0.022073419	0.1851070423	-0.150942918	-0.075374232	-0.54143862	-0.17829518	-4.663058e-01	-0.104129449	-0.23965071	-0.34137843	-0.20357546	0.091240973	0.041626754	0.3028749498	-0.201386608	0.2000903640	-0.055401423	-0.009228846	-0.3296811234	0.2931096135	-0.36650053	0.1009247318	-6.803471e-02	0.0055953282
35	6	WALKING_DOWNSTAIRS	0.2770453	-0.019536840	-0.10720936	0.9285315	-0.214046334	-0.003079817	0.10368134	9.876858e-03	-9.324706e-03	-0.0960837438	-0.034178221	0.0870012595	-0.02564522	-0.07680899	-0.037222865	0.3337547315	0.3337547315	0.103845072	0.014267782	-0.08293669	0.32830851	0.339771174	-0.27760259	-4.116493e-01	0.021911178	0.3062531664	0.136554991	0.137202452	-0.28308621	-0.31575769	-4.843437e-01	-0.034825425	0.06337161	-0.13032747	0.15284525	0.001504466	0.151125875	0.3029636429	0.395958035	0.1064794823	0.243834259	-0.001606595	-0.0143735434	0.2306930285	-0.13270538	0.0369462966	-4.530852e-02	-0.0358369679
36	6	WALKING_UPSTAIRS	0.2682294	-0.027242539	-0.12208244	0.9136322	-0.340732609	-0.018460896	0.07210675	3.713434e-03	-2.378166e-03	-0.0767406826	-0.051898199	0.0664234026	-0.06520245	-0.04577054	-0.057680005	0.0177790974	0.0177790974	-0.207379799	-0.129121244	-0.34289537	-0.13107537	0.097803510	-0.42724810	-4.451206e-01	-0.094883003	-0.0667867912	-0.244812770	-0.122991594	-0.54931462	-0.44195912	-5.011703e-01	-0.401683802	-0.11506501	-0.32965378	-0.04641421	-0.055914015	-0.129471191	0.0102927666	-0.081947940	-0.0140154346	-0.169868234	-0.061237841	-0.2306270151	0.0144807317	-0.45923633	0.0285053836	8.641381e-03	0.0032111740
37	7	LAYING	0.2501767	-0.020441152	-0.10136104	-0.5028143	0.393444278	0.907537823	0.09689040	2.506242e-02	-1.316539e-02	-0.0028264191	-0.133605695	0.1559200298	-0.10594424	-0.03588974	-0.067190179	-0.9363920238	-0.9363920238	-0.980127240	-0.915793635	-0.98300883	-0.95342425	-0.942193954	-0.95861164	-6.359130e-01	-0.043829267	0.2371119873	-0.980393047	-0.972531649	-0.96952498	0.02071592	-4.513426e-02	0.094560585	-0.95368455	-0.95757021	-0.95690531	-0.139745225	-0.453725645	0.0144682871	-0.927976881	-0.1290910252	-0.968066259	0.217605287	-0.9411307192	-0.2657844911	-0.97411791	0.1044229529	3.644771e-02	0.0199228239
38	7	SITTING	0.2846746	-0.014610976	-0.12246460	0.9691478	0.006088466	0.064963625	0.06685198	1.168634e-02	1.620041e-02	-0.0496379720	-0.033611965	0.0259476655	-0.09381556	-0.03964449	-0.045456627	-0.9184321071	-0.9184321071	-0.976559676	-0.897870535	-0.98166512	-0.97269713	-0.931490634	-0.90467534	-3.343122e-02	0.014716671	-0.1017660836	-0.982037244	-0.969423613	-0.96850350	0.18013258	-8.150213e-02	-0.085752758	-0.94363176	-0.95667806	-0.94741993	-0.071630230	-0.308762329	-0.0187739587	-0.908956776	-0.0112330112	-0.970954184	0.181229725	-0.9330819552	-0.1428308914	-0.97863499	0.0553638919	1.363660e-02	-0.0387514768
39	7	STANDING	0.2827235	-0.014574034	-0.09977783	0.9587287	-0.117607049	-0.051657372	0.07519151	6.947004e-03	-1.084203e-02	-0.0291582213	-0.077433644	0.0851045001	-0.09015397	-0.04127976	-0.054539002	-0.9427246592	-0.9427246592	-0.973381306	-0.943425565	-0.97737708	-0.97668183	-0.941883784	-0.93855052	-7.970473e-02	-0.159730059	0.0009889401	-0.976323086	-0.967165093	-0.96822964	0.09877485	-1.884797e-01	-0.089160206	-0.93812164	-0.95754867	-0.95716506	-0.188057606	-0.298448698	-0.1881166280	-0.945611450	-0.0288451773	-0.967417888	0.256759440	-0.9387049849	-0.1871816700	-0.97367117	0.0954707400	1.024690e-02	-0.0238336055
40	7	WALKING	0.2755930	-0.018653665	-0.11091223	0.9325665	-0.159097004	-0.160846924	0.09014626	1.843227e-02	-2.103986e-02	0.0022883521	-0.083711372	0.0641104602	-0.12365420	-0.04477660	-0.049571309	-0.0978090439	-0.0978090439	-0.192948900	-0.305959351	-0.30002278	-0.34304841	-0.064156420	0.03858323	-3.137274e-01	0.160434129	0.1246301711	-0.383715798	-0.123192887	-0.10649037	-0.28458651	-2.870138e-01	-0.244831720	-0.31839510	-0.15196669	-0.36673362	0.111912537	0.273141323	0.0143564055	-0.151243650	0.1729978835	-0.038418730	-0.012744637	-0.1929097655	0.3003157181	-0.15533986	0.0008803400	-2.361439e-02	-0.0053808422
41	7	WALKING_DOWNSTAIRS	0.2803071	-0.016633237	-0.09693831	0.9306236	-0.129871673	-0.154935539	0.09689262	-1.910611e-02	-1.603904e-02	-0.1054096130	-0.049717461	0.1168947690	-0.05972735	-0.03819043	-0.078946934	0.0198795286	0.0198795286	-0.170319619	-0.188740819	-0.39922996	0.04434283	-0.145302311	-0.13921622	-3.656505e-01	-0.031473662	0.0824424244	-0.030522669	-0.316236510	-0.29649490	-0.33362729	-4.141963e-01	-0.382024152	-0.33930147	-0.21444307	-0.29960027	-0.219867702	0.200566271	0.0076371946	0.218911066	0.0038029811	0.067389886	-0.037384440	-0.2550450574	0.2352009265	-0.28909668	0.0819463660	-3.861536e-02	-0.0307260213
42	7	WALKING_UPSTAIRS	0.2487069	-0.027563901	-0.14376969	0.8187466	-0.240950944	-0.403599710	0.07246499	-8.123871e-04	-7.451967e-05	-0.1387781080	-0.002471620	0.1392170715	-0.08566409	-0.04822191	-0.072451748	-0.1980744380	-0.1980744380	-0.458695232	-0.239099166	-0.66196977	-0.33619943	-0.381590523	-0.31746102	-4.326846e-01	-0.135079177	-0.2737305214	-0.454647882	-0.537075670	-0.58176453	-0.39118255	-4.253138e-01	-0.627555474	-0.38388934	-0.56792027	-0.40815027	-0.329345937	-0.054117536	-0.3461055753	-0.378618762	-0.0892278153	-0.454783247	0.045863646	-0.5339829459	-0.1652008966	-0.67332728	0.0473349273	1.757997e-02	0.0140026346
43	8	LAYING	0.2612543	-0.021228173	-0.10224537	-0.4059300	0.589922435	0.719831539	0.08783269	2.332992e-02	-1.692188e-02	0.0053536121	-0.089137414	0.1381883074	-0.10644501	-0.03897352	-0.069412315	-0.9353086339	-0.9353086339	-0.973147490	-0.924253349	-0.97843819	-0.95353856	-0.951816664	-0.94426951	-3.072484e-01	0.005397544	0.1924357871	-0.973110596	-0.975877437	-0.96211114	0.16498430	6.672864e-03	0.120248740	-0.95790389	-0.95741116	-0.96746124	-0.105590904	-0.199880206	0.2135683822	-0.932279646	0.0484988464	-0.961792852	0.350822601	-0.9445289506	-0.0620563752	-0.96840395	0.2193712461	-2.449043e-02	-0.0219448740
44	8	SITTING	0.2674915	-0.006725506	-0.10446105	0.8324539	0.240095117	0.263895186	0.07867138	-6.575163e-03	-1.068089e-02	-0.0547396987	-0.095508924	0.0716048810	-0.09231503	-0.04026738	-0.044573224	-0.9521397043	-0.9521397043	-0.986061512	-0.932682243	-0.99180743	-0.98114291	-0.944219718	-0.95943628	-1.641874e-01	0.107278339	0.0600484578	-0.984977271	-0.980221105	-0.98299531	0.22782862	5.271570e-02	0.008837681	-0.98220031	-0.97658989	-0.96179868	0.116741557	-0.261139450	-0.0430176558	-0.947981783	0.1215430011	-0.980932292	0.306787561	-0.9658067893	-0.1411262027	-0.98773060	0.1666387478	1.198963e-02	-0.0175702778
45	8	STANDING	0.2796210	-0.014811307	-0.10611500	0.9576699	-0.090460349	-0.097939202	0.07537390	8.149517e-03	3.221533e-03	-0.0219671978	-0.028011763	0.0636889070	-0.09775758	-0.04851907	-0.047848323	-0.9537628841	-0.9537628841	-0.984920798	-0.952848497	-0.98758059	-0.98821986	-0.950049100	-0.95036294	2.311557e-02	0.077184273	0.1211814738	-0.989029239	-0.976177675	-0.97947719	0.26729623	-5.981956e-02	0.069283124	-0.96967744	-0.97259549	-0.97551228	-0.154243187	-0.197392513	0.0222011082	-0.953746071	0.1106468456	-0.979745872	0.308060634	-0.9645642241	-0.1087803157	-0.98370923	0.1791736900	2.589490e-02	-0.0082046212
46	8	WALKING	0.2746863	-0.018662887	-0.10725209	0.9135863	-0.217102195	-0.186267837	0.07033935	-6.039475e-03	-6.737989e-04	0.0235088228	-0.095791791	0.0509657915	-0.13588643	-0.03148809	-0.052268397	0.0516786278	0.0516786278	-0.066832243	-0.003102438	-0.33912927	-0.24738901	0.316982393	-0.23863459	-3.808924e-01	0.003561638	0.1119472054	-0.311198711	0.079683287	-0.36156326	-0.34589812	-4.192779e-01	-0.247485399	-0.10206305	-0.25972969	-0.13290220	-0.176032066	-0.102881608	-0.2188007538	-0.095217283	0.2040808879	-0.123834410	0.176189876	-0.3012418486	0.0890005738	-0.47302623	0.2945900067	7.386153e-02	-0.0331417691
47	8	WALKING_DOWNSTAIRS	0.2834841	-0.021105867	-0.10759814	0.9140235	-0.187610243	-0.141817935	0.11893809	-3.801938e-02	-3.943562e-02	-0.1211896260	-0.050076017	0.1141438552	-0.03492835	-0.05349697	-0.086790330	0.1765993118	0.1765993118	0.262628490	0.099342974	-0.12618914	0.13659020	0.388412780	0.15958976	-2.007579e-01	0.051155548	0.2230784896	0.214841403	0.220639688	0.05860969	-0.17099790	-3.376510e-01	-0.180391339	-0.13074045	0.11609088	0.02774981	-0.177172959	0.071679424	-0.0051304019	0.301626757	0.2291445696	0.331528460	0.181422536	-0.0003627297	0.2676759829	-0.12517959	0.2428436187	-1.436806e-02	-0.1194653582
48	8	WALKING_UPSTAIRS	0.2588802	-0.028241514	-0.11512212	0.8603687	-0.291341492	-0.192306961	0.08138168	1.412059e-02	-6.745839e-02	0.1927044760	-0.204205356	-0.0724546026	-0.15544567	-0.02791958	-0.053409038	0.1210266292	0.1210266292	-0.141494613	0.166447991	-0.40066401	-0.16641107	0.263431400	-0.07294969	-2.901178e-01	-0.100254406	-0.1918526564	-0.200277249	-0.025795259	-0.38665580	-0.11598956	-3.440299e-01	-0.368783012	-0.24026076	-0.11316214	0.16597419	-0.221044979	-0.184403755	-0.2962346665	-0.130264519	0.2070712896	-0.131850567	0.274549259	-0.2296109526	-0.1281150033	-0.46327058	0.2516633182	7.672679e-02	-0.0979335781
49	9	LAYING	0.2591955	-0.020526822	-0.10754972	-0.5802528	-0.119154196	0.957873042	0.08807345	1.156173e-02	-7.053678e-03	-0.0136320361	-0.158902920	0.1012750107	-0.10384668	-0.02755226	-0.056949048	-0.9308684376	-0.9308684376	-0.963374549	-0.907125100	-0.96452482	-0.94686549	-0.934366598	-0.94591900	-4.459628e-01	-0.215336753	0.1781072809	-0.964304065	-0.964082806	-0.95590922	-0.08503094	-2.270937e-01	-0.094374360	-0.93029792	-0.93457966	-0.95981501	-0.230699179	-0.321206958	-0.0551254137	-0.926604295	-0.0856090525	-0.954320586	0.167002983	-0.9186053356	-0.2063435687	-0.95580625	-0.0162013787	9.910772e-04	-0.0218178513
50	9	SITTING	0.2483267	-0.027016777	-0.07537847	0.9163245	-0.041425823	0.085263099	0.07700501	9.817397e-03	-8.674673e-03	-0.0423288768	-0.041427118	0.0807919286	-0.09307081	-0.04666344	-0.052841490	-0.8933617176	-0.8933617176	-0.964383757	-0.903235537	-0.97336414	-0.95941359	-0.911683219	-0.89220134	-1.093838e-01	-0.120093396	-0.1317488735	-0.965596240	-0.958007391	-0.95752698	0.02039799	-2.719009e-01	-0.267665735	-0.95031524	-0.93969301	-0.94031231	-0.128144115	-0.359739582	-0.1732421531	-0.897718197	-0.0806134439	-0.953050441	0.097470020	-0.9344377378	-0.1959700516	-0.96831559	0.0315348663	2.130743e-02	-0.0319304736
51	9	STANDING	0.2823101	-0.020045495	-0.09527475	0.9613235	-0.010383816	0.009147692	0.07600321	1.306998e-02	-4.700786e-03	-0.0291831363	-0.060810158	0.0992409332	-0.09589770	-0.04191996	-0.057574313	-0.9451674824	-0.9451674824	-0.969524579	-0.921030223	-0.96982404	-0.97166269	-0.944849432	-0.94168687	-1.057117e-01	-0.003787219	0.0001654241	-0.971313769	-0.962624299	-0.96712920	-0.02350415	-9.818940e-02	-0.128067958	-0.91697444	-0.95451430	-0.94151034	-0.222857824	-0.348959970	-0.1657612633	-0.946330172	0.0235738707	-0.963242884	0.200537688	-0.9297690678	-0.1749535686	-0.96749163	0.0243650848	1.160172e-02	0.0048663167
52	9	WALKING	0.2785028	-0.018089197	-0.11082051	0.9518671	-0.031434174	-0.115856121	0.07043573	2.122559e-02	4.147627e-03	-0.0808360599	-0.062559871	0.1116297799	-0.08092041	-0.03562834	-0.063340662	-0.0980840496	-0.0980840496	-0.203733616	-0.294542267	-0.51025400	-0.29471116	-0.257677616	-0.25080626	-3.107276e-01	0.021319502	0.0237831761	-0.314265401	-0.367706595	-0.39954125	-0.37829149	-3.890473e-01	-0.366570478	-0.38367612	-0.43690586	-0.24022251	-0.200624504	0.016481583	-0.1521037211	-0.318801023	0.1616729885	-0.316870716	0.159239939	-0.5137974804	0.1274162411	-0.60258162	0.2432221818	-2.596579e-02	0.0623476590
53	9	WALKING_DOWNSTAIRS	0.2959234	-0.020399427	-0.09102788	0.9384178	-0.035230465	-0.082276175	0.13019304	-2.068660e-02	2.625689e-03	-0.0916383011	-0.071259884	0.1168044007	-0.09459120	-0.05976083	-0.067808060	0.1458863579	0.1458863579	-0.162376089	-0.168921401	-0.46902843	0.10312851	-0.183120455	-0.10370582	-4.406339e-01	0.062505824	-0.0424266602	-0.064535434	-0.313643042	-0.29367779	-0.43402213	-2.320428e-01	-0.330318262	-0.32504289	-0.31251220	-0.25068659	-0.165224232	-0.003516971	-0.1151919925	0.222203941	-0.0498273899	0.007168779	-0.082450460	-0.3475402267	0.0656782202	-0.46317205	0.1320210146	-1.122777e-01	-0.0921238957
54	9	WALKING_UPSTAIRS	0.2624365	-0.019510110	-0.12521900	0.9026478	-0.037794782	-0.266009867	0.06922662	1.266122e-03	7.660466e-03	-0.1639671900	-0.041258791	0.1456946259	-0.06846896	-0.03027975	-0.023632791	-0.2607275814	-0.2607275814	-0.440667540	-0.083323449	-0.67284056	-0.34273595	-0.405022798	-0.38471042	-3.412197e-01	-0.247086151	-0.2152039928	-0.402044750	-0.608498592	-0.61512571	-0.42721109	-5.292760e-01	-0.547022216	-0.31394163	-0.49915920	-0.32769867	-0.284881769	-0.414946340	-0.5074908667	-0.372890349	-0.0019542749	-0.419533109	0.025759746	-0.5314826939	-0.2599629578	-0.73415945	0.1360011501	1.291540e-01	0.0018840350
55	10	LAYING	0.2802306	-0.024294484	-0.11716864	-0.4530697	-0.139297681	-0.031121624	0.07381506	1.569900e-02	7.166896e-03	-0.0195559372	-0.077032566	0.1047204783	-0.10030825	-0.03887979	-0.059074491	-0.9567818197	-0.9567818197	-0.976234435	-0.937590999	-0.97083085	-0.96918421	-0.954341849	-0.96430085	-1.405202e-01	0.200554088	0.3173288746	-0.979014669	-0.968039174	-0.97259221	0.04855721	4.259423e-02	0.146112722	-0.95379391	-0.95467003	-0.96975578	0.070757575	0.071312565	0.1576205055	-0.950848109	0.2603889463	-0.968561122	0.212826188	-0.9376926426	0.2165354345	-0.96097682	0.2026247003	-2.387298e-02	-0.0121815291
56	10	SITTING	0.2706121	-0.015042682	-0.10425324	0.7918872	-0.041260775	0.202534573	0.07753725	8.978755e-03	-4.995664e-03	-0.0432432177	-0.067999360	0.0745958869	-0.09315550	-0.04112165	-0.048941192	-0.9607571996	-0.9607571996	-0.988054238	-0.944202044	-0.99370749	-0.98494314	-0.940450200	-0.97464465	-8.261407e-02	0.027931974	0.2336440200	-0.989365014	-0.980962856	-0.98605677	0.19344922	-2.618593e-02	0.117530737	-0.98647736	-0.98617922	-0.96539547	0.214105021	0.067725229	-0.0844435960	-0.955281011	0.2215660813	-0.985900801	0.324762093	-0.9744597326	0.0058133739	-0.99219153	0.3440085028	-7.538811e-04	0.0412403815
57	10	STANDING	0.2766503	-0.015541860	-0.10796408	0.9540088	-0.043159783	0.034698021	0.08097844	1.190076e-02	-4.858410e-03	-0.0281854326	-0.087682049	0.1032515607	-0.10475383	-0.03715930	-0.058416255	-0.9519889080	-0.9519889080	-0.965163818	-0.929787260	-0.97163766	-0.97009981	-0.923378745	-0.95527238	1.591236e-01	-0.012623426	0.0776098481	-0.963565166	-0.942187760	-0.97224151	0.25330139	-1.870952e-01	0.005628739	-0.92400591	-0.96032380	-0.95091573	-0.281787223	-0.164082231	-0.0988874452	-0.940110167	0.0902454674	-0.951633690	0.197319525	-0.9377867434	-0.2264925963	-0.96561408	0.0133897488	-1.379047e-02	0.0303705890
58	10	WALKING	0.2785741	-0.017022351	-0.10905751	0.9630921	-0.083827701	0.054927624	0.08579438	4.082488e-03	-1.629532e-02	0.0106894976	-0.081954078	0.0986695731	-0.12270956	-0.05192050	-0.061126293	-0.1274009121	-0.1274009121	-0.132624992	-0.156458730	-0.44036364	-0.11419000	0.053391191	-0.41218272	-2.633259e-01	0.243797497	0.2589679664	-0.107941107	0.030905202	-0.46402051	-0.26013064	-1.484457e-01	0.055799091	-0.27791378	-0.34520903	-0.10853003	-0.093367142	-0.122109930	-0.1298003721	-0.093023742	0.1795998648	0.020518952	-0.071285394	-0.4126169096	0.1291001068	-0.51506534	-0.0002340192	-1.984113e-02	-0.0428316086
59	10	WALKING_DOWNSTAIRS	0.2904016	-0.020005077	-0.11084860	0.9398074	-0.064616077	0.041871541	0.10095939	1.078249e-02	1.526172e-04	-0.1248395943	-0.106742539	0.0724433686	-0.06437640	-0.04893781	-0.072041311	0.2508437694	0.2508437694	0.050701023	-0.023846804	-0.40185431	0.21566527	0.009046604	-0.15772836	-3.216791e-01	0.066719252	0.2570673144	0.181419131	-0.119504296	-0.24067904	-0.23677978	-2.977630e-01	0.018982166	-0.21435028	-0.27249571	0.03913668	-0.177215652	-0.005559587	-0.0448928718	0.220115703	0.1644288292	0.156978047	0.125205953	-0.3123475103	0.0774362596	-0.48419648	0.1787731170	-3.334496e-02	-0.0341618390
60	10	WALKING_UPSTAIRS	0.2671219	-0.014385492	-0.11818042	0.9318610	-0.056567028	0.022752770	0.06488293	2.663143e-02	-5.133758e-02	0.0733447168	-0.095460022	0.0879664183	-0.15721254	-0.03723485	-0.036502174	-0.0266623295	-0.0266623295	-0.262038042	0.043857385	-0.52346297	-0.13941079	-0.039068822	-0.30120641	-3.003909e-01	-0.003544923	-0.2899694190	-0.201214322	-0.206872839	-0.55323067	-0.23033751	-3.708548e-01	-0.328583308	-0.21852472	-0.23585899	-0.26276337	-0.235765047	-0.421428723	-0.1354786973	-0.166866722	0.0879049623	-0.153553147	0.178734933	-0.2653716891	-0.1944472760	-0.60058300	0.1585910309	1.102937e-01	-0.0075300025
61	11	LAYING	0.2805930	-0.017659805	-0.10878658	-0.1348320	0.943017941	0.112620190	0.07666453	1.221939e-02	2.776905e-03	-0.0191743840	-0.041559990	0.1520190159	-0.10229750	-0.04123914	-0.066695749	-0.9806211802	-0.9806211802	-0.983330628	-0.952523752	-0.99064125	-0.98380137	-0.971403935	-0.97357681	-6.377098e-02	0.251945472	0.2260358410	-0.984884874	-0.973882497	-0.97956484	0.17810455	3.449996e-03	0.030016945	-0.97618747	-0.98264027	-0.96143442	0.006108200	0.104942478	0.0963568934	-0.973994005	0.3360106606	-0.976940775	0.295747895	-0.9670933565	0.0406004063	-0.98597884	0.2560349769	2.750338e-03	0.0014353872
62	11	SITTING	0.2765902	-0.014919562	-0.11284022	0.8719638	0.213716306	0.188531696	0.07617773	-2.138386e-04	8.334008e-03	-0.0399984916	-0.075528448	0.0761739419	-0.09484235	-0.03928130	-0.050539546	-0.9619707638	-0.9619707638	-0.979355635	-0.951884472	-0.98951903	-0.98148145	-0.934503183	-0.97285511	-5.034040e-02	0.096774774	0.2434697864	-0.980831750	-0.967454618	-0.98112486	0.15332020	-8.050580e-02	0.075598263	-0.98510688	-0.98263664	-0.95445382	0.115678529	-0.102473211	-0.0459579466	-0.953066009	0.1986488373	-0.975315332	0.192259108	-0.9697999511	-0.0398966602	-0.98725597	0.1593453668	-1.178601e-02	-0.0105682441
63	11	STANDING	0.2777156	-0.017199089	-0.10868663	0.9564645	-0.173082705	0.127198423	0.07600977	1.241310e-02	-7.459162e-04	-0.0293141521	-0.076546504	0.0810588216	-0.09951936	-0.03959921	-0.052473275	-0.9848538366	-0.9848538366	-0.989242377	-0.979978011	-0.99342818	-0.99380805	-0.968703073	-0.98766979	8.901024e-02	0.055740898	0.2923902456	-0.992385451	-0.979287024	-0.98846079	0.31217184	-3.050941e-02	0.120740566	-0.97830172	-0.99402549	-0.98076297	-0.129935993	0.119201234	-0.0212967788	-0.982255414	0.2330782272	-0.988636595	0.333098930	-0.9825765198	-0.0478486176	-0.99298102	0.2232974089	-2.316692e-03	-0.0139522135
64	11	WALKING	0.2718219	-0.016647583	-0.10609630	0.9464685	-0.212045870	0.134053215	0.08297093	1.276825e-02	-1.336483e-02	-0.0426928995	-0.070510497	0.0843744496	-0.09182042	-0.05141725	-0.034267745	-0.2883234720	-0.2883234720	-0.402333202	-0.421801674	-0.63073271	-0.39653373	-0.083047844	-0.61640291	-3.736079e-01	0.012876103	0.0404557559	-0.453265269	-0.241801726	-0.69259387	-0.35341993	-4.278894e-01	-0.092391951	-0.51475331	-0.59310740	-0.39829334	-0.175946094	-0.297177113	-0.1840657883	-0.458514063	0.0935818049	-0.395116134	0.084454308	-0.6102226288	-0.0748370694	-0.75191446	0.0563648369	6.193811e-02	-0.0436671079
65	11	WALKING_DOWNSTAIRS	0.2916056	-0.017809772	-0.11107015	0.9417464	-0.200321943	0.132371685	0.08971687	2.522742e-02	-2.252089e-02	-0.1250686991	-0.026277535	0.0575244574	-0.02209163	-0.05202730	-0.037304841	0.1262276573	0.1262276573	-0.198206140	-0.197883360	-0.59929476	0.03519372	0.024750813	-0.37762476	-4.002964e-01	-0.056189226	0.0053144517	-0.120463005	-0.177479240	-0.53022553	-0.33884997	-4.559728e-01	-0.244414661	-0.31877701	-0.52825452	-0.27345911	-0.263295936	-0.255277888	-0.1504800424	0.090280758	0.0316725684	-0.097454997	0.033747518	-0.4561701089	-0.1698844639	-0.66834053	-0.0094250735	-4.650725e-02	0.0251428884
66	11	WALKING_UPSTAIRS	0.2637759	-0.030315782	-0.10679722	0.8926262	-0.343576925	0.146633747	0.09685617	-1.326253e-02	-1.514639e-02	-0.0820909702	-0.056692881	0.0638054380	-0.06452454	-0.07198347	-0.046076150	-0.1325946238	-0.1325946238	-0.509587701	-0.255048337	-0.75731481	-0.35534890	-0.254645207	-0.55174208	-5.244794e-01	-0.189232159	-0.4865498972	-0.495927372	-0.455317917	-0.76538791	-0.44699235	-4.616411e-01	-0.482497120	-0.47178278	-0.58116715	-0.67467188	-0.245040398	-0.635531917	-0.1833283778	-0.336061027	-0.1370893830	-0.475928502	0.014901480	-0.5500996600	-0.3779961009	-0.79598611	0.0153270269	-1.685756e-02	-0.0632903682
67	12	LAYING	0.2601134	-0.017520392	-0.10816013	-0.3785921	0.803378835	0.275043198	0.08542954	7.744083e-03	-4.371484e-03	-0.0146546807	-0.083553735	0.1451918480	-0.09904023	-0.04106753	-0.067890900	-0.9482046755	-0.9482046755	-0.969843834	-0.930840594	-0.97106777	-0.95624849	-0.951265971	-0.95472480	-2.356072e-01	0.191372701	0.1714740009	-0.968742759	-0.963223332	-0.96714970	0.08390708	-1.766175e-02	0.023950446	-0.95665389	-0.95256172	-0.94567324	0.010569758	-0.019986654	0.0419799361	-0.943867440	0.0818083853	-0.962448419	0.157065117	-0.9454970225	0.0022061550	-0.96394961	0.0227004241	4.272298e-03	0.0232429679
68	12	SITTING	0.2750072	-0.015789299	-0.10630723	0.9262290	0.083050901	0.088564070	0.07712777	1.059905e-02	-2.045760e-03	-0.0424159183	-0.075198040	0.0728462158	-0.09410235	-0.03874775	-0.051563409	-0.9521766214	-0.9521766214	-0.974734490	-0.941907241	-0.98039234	-0.97966614	-0.942768017	-0.95462663	3.266997e-02	0.002415163	-0.0226159354	-0.977109887	-0.964236191	-0.97555156	0.13812994	-9.873324e-02	-0.056830654	-0.96852899	-0.96372525	-0.95571818	-0.062508699	-0.194160297	-0.0808451003	-0.955944253	0.0048783579	-0.971715269	0.255191493	-0.9585118667	-0.1119821914	-0.97848445	0.1612682302	1.563159e-02	-0.0246810833
69	12	STANDING	0.2774058	-0.016900254	-0.10552700	0.9573178	-0.218865356	-0.039538277	0.07446318	1.004800e-02	-7.881314e-03	-0.0300030427	-0.070008375	0.0742568190	-0.09763804	-0.04095208	-0.048286374	-0.9414599351	-0.9414599351	-0.968790683	-0.888101373	-0.96928997	-0.97646947	-0.932775678	-0.94717820	6.362376e-02	-0.049328173	0.0798244568	-0.971971634	-0.953291780	-0.97112253	0.23067259	-1.749671e-01	0.011382060	-0.89029271	-0.94825186	-0.95260195	-0.241064350	-0.143868273	-0.1305389811	-0.945217803	0.0468988698	-0.960859010	0.176598693	-0.9023567656	-0.2614965659	-0.96305979	0.0162815454	8.919918e-03	0.0123418554
70	12	WALKING	0.2771287	-0.015560928	-0.10316111	0.9668735	-0.155983450	-0.036084288	0.04576440	1.977669e-02	5.025870e-03	-0.1045136709	-0.034429108	0.0999739123	-0.06223893	-0.04985260	-0.046733815	-0.1022045504	-0.1022045504	-0.144064923	-0.355930365	-0.51749378	-0.05435764	-0.071302455	-0.42232530	-2.614260e-01	0.149107489	0.1708029494	-0.081619795	-0.141374071	-0.49138617	-0.28110657	-2.234607e-01	-0.182007552	-0.40197593	-0.46788634	-0.31728248	0.020408840	-0.025458443	-0.0279041184	-0.153116003	0.2522677531	-0.029912425	0.018449462	-0.4425037840	0.1460753667	-0.56117644	0.0777777588	4.498007e-02	0.0160849354
71	12	WALKING_DOWNSTAIRS	0.2815211	-0.018084267	-0.10955593	0.9498620	-0.178702175	-0.056105062	0.06215003	-1.192892e-02	4.852624e-03	-0.1125315644	-0.042733669	0.0895434978	-0.02646690	-0.06091772	-0.065323998	0.0183139430	0.0183139430	-0.107091020	-0.213351511	-0.44283108	0.02350493	0.150510001	-0.40212122	-3.322492e-01	0.079332182	0.2348333126	-0.007014723	0.006394069	-0.45161432	-0.21278774	-3.866959e-01	-0.098562311	-0.17885617	-0.42063147	-0.21276736	-0.054812339	0.110212110	0.0410165250	0.148017269	0.0786150245	0.076996837	0.041524421	-0.3449384200	0.1135404477	-0.45822749	0.0658769890	-2.655334e-02	0.0328773767
72	12	WALKING_UPSTAIRS	0.2729703	-0.026357490	-0.10733973	0.9383715	-0.259144203	-0.070250382	0.07286608	-6.894949e-03	9.066628e-03	-0.0931234102	-0.041131452	0.0898022758	-0.04556389	-0.03354066	-0.065316729	-0.2291839271	-0.2291839271	-0.432469301	-0.316561586	-0.67497213	-0.32144793	-0.168341520	-0.56084121	-4.202356e-01	-0.105269654	-0.2172169872	-0.385843754	-0.333077591	-0.68792987	-0.33124754	-3.802499e-01	-0.323446377	-0.42636033	-0.60471132	-0.40608094	-0.158314161	-0.351127977	-0.2245418797	-0.290005419	-0.0011184370	-0.320884463	0.084226270	-0.5940325152	-0.1070777964	-0.71433259	0.0978624348	5.233937e-02	0.0388568273
73	13	LAYING	0.2767164	-0.020440454	-0.10433186	-0.1568522	0.656400944	0.598884989	0.07677748	1.834419e-02	-9.883897e-03	-0.0097360997	-0.096625070	0.1178196148	-0.10183557	-0.04177440	-0.064877042	-0.9605177682	-0.9605177682	-0.985467854	-0.944303112	-0.98544626	-0.97471692	-0.965843757	-0.96629558	-2.629906e-01	0.036342496	0.0764724259	-0.985199684	-0.980375137	-0.98099460	0.16989581	6.565370e-02	0.058418307	-0.96946349	-0.96868973	-0.96912688	-0.101926540	-0.042663103	0.1465093819	-0.959535494	0.0815111223	-0.980754386	0.300750658	-0.9576816213	0.0502077340	-0.97815081	0.0544469964	-1.263426e-04	0.0032419144
74	13	SITTING	0.2743285	-0.005877329	-0.09724651	0.9255765	0.101769752	0.075777386	0.07528659	-1.123441e-03	-2.323972e-02	-0.0355124857	-0.090268740	0.0823432027	-0.09591985	-0.04103669	-0.046612160	-0.9576905637	-0.9576905637	-0.989497839	-0.951142644	-0.99260430	-0.99013548	-0.959673916	-0.95618306	-9.351473e-03	0.025345948	0.1546520935	-0.992678213	-0.983914102	-0.98526120	0.26421426	-1.932843e-03	0.092110603	-0.98321820	-0.98245605	-0.96838442	0.100550895	-0.106178686	0.0136492165	-0.956901560	0.1505389366	-0.988348535	0.360646363	-0.9732582778	0.0076754334	-0.99172374	0.1911022340	-3.138534e-02	0.0209112877
75	13	STANDING	0.2777584	-0.016789199	-0.11212414	0.9426953	-0.239943146	-0.052485661	0.07586310	7.620352e-03	-7.049793e-04	-0.0295492164	-0.075320524	0.0854712469	-0.09812000	-0.04128726	-0.053926078	-0.9715642432	-0.9715642432	-0.986800028	-0.957825372	-0.98363763	-0.98942597	-0.959427618	-0.97756730	3.280625e-02	-0.030358425	0.0874273262	-0.988198277	-0.977752775	-0.98460856	0.23796469	-4.789600e-02	0.106886231	-0.95715411	-0.97291308	-0.97439438	-0.251063048	-0.170676015	-0.0652523064	-0.972393559	0.0936059843	-0.981977536	0.298745382	-0.9574887995	-0.1165048358	-0.97719740	0.1759574740	1.442342e-02	-0.0235598901
76	13	WALKING	0.2758831	-0.018566065	-0.11143146	0.9108557	-0.283658581	-0.131299719	0.08095902	3.083645e-03	5.972490e-03	-0.0174207635	-0.079847250	0.0784205641	-0.09665986	-0.03198493	-0.063669323	-0.1356438678	-0.1356438678	-0.133205035	-0.218669558	-0.30350821	-0.33503012	0.095515067	-0.24685151	-2.314627e-01	0.019430416	0.1521609669	-0.290460802	-0.043919514	-0.34226372	-0.19090593	-4.471195e-01	-0.204509715	-0.19285647	-0.25621355	-0.27660795	-0.022908917	0.074127360	0.1260142165	-0.234600866	0.2535323256	-0.152111501	0.118031209	-0.2674723739	0.3025769334	-0.33852713	0.2290379565	1.249049e-02	0.0119029060
77	13	WALKING_DOWNSTAIRS	0.2949076	-0.014372384	-0.10199394	0.9418756	-0.211555113	-0.095082034	0.10170454	-7.518682e-03	-2.529777e-02	-0.1226722018	-0.023720572	0.1112842397	-0.06471998	-0.06694141	-0.051202048	-0.0294634300	-0.0294634300	-0.127926052	-0.102114481	-0.32355244	-0.07266027	-0.036453525	-0.15117872	-3.855545e-01	-0.014212010	0.1200507675	-0.114851556	-0.207812348	-0.27613804	-0.34660866	-4.566412e-01	-0.304013848	-0.31967712	-0.13382889	-0.21290666	-0.174691860	0.066526839	-0.0346308041	0.052879188	0.0821411398	-0.028215666	0.026643425	-0.2061217072	0.2574210611	-0.26639990	0.2074357190	-4.774920e-02	0.0220198445
78	13	WALKING_UPSTAIRS	0.2582039	-0.027739225	-0.12576727	0.8476343	-0.357404502	-0.207507171	0.06924421	-1.280098e-03	-2.541263e-02	-0.1382937623	0.003819669	0.1166795633	-0.06648172	-0.04530520	-0.066165392	-0.1011535017	-0.1011535017	-0.456190454	-0.237182958	-0.63196490	-0.38246074	-0.063656477	-0.40478524	-4.800801e-01	-0.247165638	-0.2851772887	-0.506212136	-0.368996179	-0.63149643	-0.32334423	-5.860224e-01	-0.504002904	-0.48211301	-0.49217610	-0.25533895	-0.211194499	-0.293383224	-0.2407208230	-0.367522801	-0.1509047241	-0.425100007	-0.027838009	-0.4854773089	-0.1041311478	-0.65608854	0.1073012539	1.344271e-02	0.0436485618
79	14	LAYING	0.2332754	-0.011342465	-0.08683333	-0.1454836	0.485396927	0.836562910	0.09814038	-8.315071e-03	-3.236015e-02	0.0050522118	-0.153423808	0.1491240582	-0.10544664	-0.03726774	-0.056617187	-0.9059782502	-0.9059782502	-0.972576393	-0.904665418	-0.97562118	-0.93393618	-0.930366906	-0.92788231	-4.429504e-01	-0.149752055	0.0313442250	-0.972010709	-0.969342124	-0.96859320	-0.15859909	-2.311533e-01	-0.088792248	-0.94995904	-0.93808790	-0.94910716	-0.236882321	-0.277833949	0.0233332527	-0.899463669	-0.1317711726	-0.967988596	0.175722997	-0.9301517312	-0.1908370393	-0.96645534	0.1216438006	1.772967e-02	0.0116599808
80	14	SITTING	0.2799906	-0.008705655	-0.10040149	0.9390388	-0.036453396	-0.094597053	0.07418788	-4.361860e-03	-1.057445e-02	-0.0440403327	-0.071347828	0.0928523607	-0.09216146	-0.04345773	-0.052012161	-0.9441979437	-0.9441979437	-0.976521006	-0.942756369	-0.98831761	-0.97645661	-0.932644766	-0.94412608	-1.450440e-01	-0.090427527	-0.0357959047	-0.981566649	-0.968951770	-0.97275197	0.00357106	-2.321436e-01	-0.149511317	-0.97857712	-0.96980673	-0.95702086	-0.107487048	-0.341282824	-0.0834989972	-0.940589853	0.0153680502	-0.972985343	0.198414100	-0.9633205406	-0.1719707308	-0.98732424	0.0740675933	2.760233e-02	0.0146690544
81	14	STANDING	0.2805456	-0.015207813	-0.10381770	0.8753196	-0.226692231	-0.338174889	0.07379337	5.795662e-03	-7.207778e-03	-0.0220886527	-0.055810883	0.0790475887	-0.10071846	-0.04500968	-0.050903618	-0.9434568473	-0.9434568473	-0.972965788	-0.943530017	-0.97487333	-0.97269956	-0.942178248	-0.94242203	-2.459050e-01	-0.138431167	0.0025302263	-0.978181640	-0.967249905	-0.96671843	0.02375942	-2.121968e-01	-0.069082605	-0.95711177	-0.95083619	-0.95099988	-0.306015726	-0.278003653	-0.1988974550	-0.949715060	-0.0374702782	-0.970214126	0.214251896	-0.9444055638	-0.1910310113	-0.96917564	0.0125408703	7.429672e-03	0.0175847539
82	14	WALKING	0.2719596	-0.021778538	-0.10675637	0.8029740	-0.270314823	-0.422495268	0.07208779	2.411602e-02	1.997230e-02	-0.0034765506	-0.082968285	0.0513222718	-0.11065605	-0.04389695	-0.038882592	-0.1444046718	-0.1444046718	-0.377293155	-0.137208742	-0.51989505	-0.42149817	-0.174601845	-0.17736643	-3.588046e-01	-0.143666881	-0.1755288301	-0.472360617	-0.376766601	-0.41589918	-0.25590096	-3.634638e-01	-0.323114422	-0.50859585	-0.21589495	-0.21292576	-0.159441619	-0.420295652	-0.3609703002	-0.373516771	-0.0368327907	-0.431591453	0.164708201	-0.3113864497	-0.0398346769	-0.59103694	0.2009172341	5.946294e-02	0.0084610723
83	14	WALKING_DOWNSTAIRS	0.2934221	-0.020014141	-0.09283302	0.8162964	-0.264254675	-0.392555882	0.04286316	2.913394e-02	1.049526e-02	-0.0147079653	-0.094528841	0.0353344538	-0.10862038	-0.07405898	-0.061597880	0.1855377069	0.1855377069	0.035360138	0.166340012	-0.27512088	0.02125416	0.371482470	0.28073595	-3.496099e-01	-0.007777496	-0.0984339940	-0.033782046	0.164775056	-0.02487898	-0.27101153	-3.069390e-01	-0.295300086	-0.29531554	0.01320823	0.49241438	-0.250106322	-0.207057454	-0.1134533808	0.471905155	0.0004641651	0.186223478	-0.001709236	-0.0787568407	0.0800347917	-0.25474713	0.0529337426	3.549915e-03	0.1064217733
84	14	WALKING_UPSTAIRS	0.2624211	-0.020438818	-0.11227969	0.6882561	-0.322680365	-0.495088720	0.08033030	-1.831312e-02	3.441995e-03	0.0813841685	-0.123499570	-0.0441381887	-0.12826667	-0.02077497	-0.013723762	0.1401082041	0.1401082041	-0.283663836	0.365779419	-0.39992195	-0.32350844	0.016393923	0.19169374	-3.891336e-01	-0.366543122	-0.3678771893	-0.383497147	-0.347606640	-0.26400847	-0.26393506	-4.873479e-01	-0.521529495	-0.44104836	0.11868769	0.19670322	-0.389723705	-0.521877343	-0.5015725980	-0.075985181	-0.1687238175	-0.288744334	0.039928833	0.0488588668	-0.2874130840	-0.45725061	0.0763471680	7.225416e-02	-0.0091539598
85	15	LAYING	0.2894757	-0.016629654	-0.11853024	-0.1719931	0.899242553	-0.036919291	0.07675154	1.239843e-02	-4.439280e-03	-0.0168300888	-0.061970087	0.1134518998	-0.10226671	-0.04158790	-0.062433456	-0.9553406615	-0.9553406615	-0.979890228	-0.944605127	-0.98323503	-0.97401618	-0.962461124	-0.95156595	-1.489121e-01	0.240597439	0.0627474805	-0.981329999	-0.970833222	-0.97477568	0.11478748	1.410568e-02	0.001033973	-0.95541360	-0.96431089	-0.95819010	-0.154987483	-0.146020122	0.0008121859	-0.956001034	0.1273584108	-0.973681223	0.273485129	-0.9468126424	-0.1963442677	-0.97572785	0.0886671329	4.157223e-03	-0.0187121704
86	15	SITTING	0.2729034	-0.011718847	-0.11366125	0.8903643	0.210849305	0.002815660	0.07847928	-8.984376e-03	-2.372075e-03	-0.0377111130	-0.080342876	0.0951978084	-0.09536491	-0.03960688	-0.052414834	-0.9586698363	-0.9586698363	-0.986107839	-0.957331628	-0.99218889	-0.98661961	-0.938926431	-0.96322700	-4.229048e-05	0.096685720	0.1510531273	-0.988106102	-0.978159013	-0.98490842	0.24002278	-6.703831e-06	0.039756002	-0.98615258	-0.97920172	-0.96673152	0.105475683	-0.154626052	-0.0086725970	-0.949752001	0.1575063186	-0.984689437	0.242818344	-0.9737621798	-0.0544036755	-0.99018096	0.2080168179	1.280447e-03	0.0122376311
87	15	STANDING	0.2789158	-0.018351636	-0.10591083	0.9655289	-0.164713175	0.064597599	0.07522807	6.172555e-03	-6.587371e-03	-0.0262433562	-0.065963752	0.0761946739	-0.10135879	-0.04385075	-0.052278397	-0.9612076162	-0.9612076162	-0.981495126	-0.946961381	-0.98440708	-0.98672500	-0.943348789	-0.96547351	6.271776e-02	-0.034499003	0.0993963491	-0.985353493	-0.967884709	-0.98263230	0.26794779	-1.736151e-01	0.065047508	-0.95038029	-0.97513387	-0.96826486	-0.188670855	-0.130161073	-0.0512384435	-0.960337344	0.0328961071	-0.979078786	0.293685314	-0.9567339002	-0.1999135498	-0.98318809	0.0570238664	-2.319950e-03	0.0222929098
88	15	WALKING	0.2738992	-0.017080974	-0.10762182	0.9515244	-0.233918283	0.075735673	0.08977707	8.905886e-03	6.587062e-04	-0.0554883848	-0.061242788	0.0842484921	-0.07766928	-0.05525366	-0.051097649	-0.1865146508	-0.1865146508	-0.320129323	-0.243711124	-0.54397950	-0.31744092	0.111321097	-0.55494214	-3.955180e-01	0.029175544	-0.0059076868	-0.390821985	-0.066937806	-0.64890525	-0.29208832	-3.305600e-01	-0.186832027	-0.25339936	-0.53542210	-0.46146407	-0.149193146	-0.339593024	-0.0485169126	-0.275156242	0.0782256056	-0.289753952	0.016417063	-0.4891663837	-0.0458814866	-0.64507518	0.0070601079	1.138314e-02	-0.0788266043
89	15	WALKING_DOWNSTAIRS	0.2801989	-0.005630478	-0.11052607	0.9323022	-0.167462317	0.078882241	0.07114572	1.511590e-02	-1.002129e-02	-0.1366186531	-0.034675573	0.0711758198	-0.04825321	-0.04954155	-0.033921306	0.3204493872	0.3204493872	-0.037266607	-0.121686321	-0.50946665	0.23530983	0.167518100	-0.25981220	-4.455767e-01	0.023364253	0.1807489441	0.061968749	-0.026976942	-0.34537654	-0.37713094	-3.863234e-01	-0.117402353	-0.22735957	-0.40233230	-0.18319480	-0.246346934	-0.134716107	-0.0645117088	0.331150229	-0.0581788549	0.158413335	-0.079965614	-0.3738986312	-0.1109707410	-0.56539613	0.0564155791	3.346751e-02	0.0167093420
90	15	WALKING_UPSTAIRS	0.2701876	-0.028752386	-0.11695246	0.9185448	-0.314961013	0.081180341	0.07297243	-4.173618e-03	-5.258799e-03	0.0903340030	-0.154721289	0.0911681485	-0.14448599	-0.03654192	-0.076724250	-0.0009713947	-0.0009713947	-0.316050382	-0.201217274	-0.66363712	-0.07463284	-0.101935433	-0.53959108	-5.050136e-01	-0.149770908	-0.2509616137	-0.237053073	-0.338102217	-0.71455417	-0.43949958	-4.684969e-01	-0.313514802	-0.36109686	-0.51702525	-0.48570175	-0.284366648	-0.465209736	-0.2191228862	-0.165242148	-0.0383017813	-0.261956680	0.100960098	-0.4536935663	-0.2919777071	-0.73142236	0.1440107492	4.435724e-02	-0.0221758428
91	16	LAYING	0.2742272	-0.016610351	-0.10731049	-0.2067837	-0.019927023	0.893884469	0.07839603	1.328051e-02	-1.541051e-03	-0.0161545407	-0.113675061	0.0966210349	-0.10220957	-0.03477353	-0.057679044	-0.9618346349	-0.9618346349	-0.988349657	-0.951777100	-0.99083953	-0.98021319	-0.963635575	-0.97458007	-3.464136e-01	-0.183018140	0.1306791931	-0.988580046	-0.984752927	-0.98554495	0.06559672	-1.857992e-02	0.065207860	-0.97589241	-0.97609292	-0.98595779	-0.125551598	-0.215507801	0.1002357552	-0.968020521	-0.1213023405	-0.987514525	0.353266128	-0.9702496389	-0.1249985525	-0.98869528	0.0909875828	5.392728e-02	0.0259656102
92	16	SITTING	0.2807686	-0.010249794	-0.08914040	0.9424574	-0.086588254	0.089268220	0.07343467	9.856429e-03	-1.150306e-02	-0.0412014042	-0.057452543	0.0795736310	-0.09572045	-0.04503693	-0.058837127	-0.9618796807	-0.9618796807	-0.987472699	-0.946417382	-0.99244461	-0.98704383	-0.961456686	-0.95955223	-7.578596e-03	0.149987934	0.1315604206	-0.990964251	-0.981752167	-0.98117804	0.20345253	-2.720281e-02	0.011017371	-0.97863286	-0.96679600	-0.96005826	0.138693079	-0.174805736	0.2071127983	-0.958335481	0.2406172641	-0.983968636	0.320055145	-0.9540609943	0.0006880603	-0.98936314	0.2326317658	1.796291e-02	-0.0001601600
93	16	STANDING	0.2834974	-0.016599967	-0.10365773	0.9415877	-0.057886704	-0.166737468	0.07364389	1.207680e-02	-4.763106e-03	-0.0299337294	-0.068667733	0.0867342709	-0.10010733	-0.04249822	-0.054433529	-0.9699488251	-0.9699488251	-0.989205232	-0.972528178	-0.99284858	-0.98942767	-0.969314015	-0.96999950	-1.623714e-02	0.067356942	0.0525158714	-0.991038639	-0.982425404	-0.98609189	0.26745246	-1.107570e-02	-0.005277779	-0.97315735	-0.98359424	-0.98363927	-0.117570140	-0.180188922	0.0079153235	-0.971082558	0.0924921398	-0.986502688	0.344673907	-0.9754486322	-0.0835937870	-0.99117243	0.2110781342	5.917980e-03	0.0410077143
94	16	WALKING	0.2760236	-0.020428693	-0.10880405	0.9259813	-0.066824647	-0.217351194	0.07702238	9.684447e-03	3.608033e-03	-0.0151721913	-0.069595569	0.0818650736	-0.11091735	-0.04338768	-0.053298667	-0.2587666941	-0.2587666941	-0.363144484	-0.485931933	-0.67154183	-0.39479043	-0.321500668	-0.24436305	-3.506820e-01	-0.027039203	0.0309811083	-0.441406183	-0.454270822	-0.42233239	-0.33091215	-3.965119e-01	-0.453928998	-0.59574649	-0.61973193	-0.43288531	-0.184031595	-0.087047584	-0.2850787299	-0.410463242	0.1756004777	-0.378278491	0.092199914	-0.6692285408	0.1797274285	-0.72068229	0.1076755658	1.480843e-02	0.0100011475
95	16	WALKING_DOWNSTAIRS	0.2955868	-0.018389858	-0.11987371	0.9178184	-0.058483268	-0.225382496	0.09078571	-1.481145e-02	-2.931226e-02	-0.0225373370	-0.068264793	0.0835380057	-0.10390404	-0.05676866	-0.061213693	0.1910797936	0.1910797936	-0.165908811	-0.309820427	-0.59089664	0.03682635	-0.134598353	-0.04769426	-4.479584e-01	-0.002645880	0.0352940709	-0.155444883	-0.289957855	-0.24197408	-0.36897840	-4.170642e-01	-0.376637687	-0.42084401	-0.47951298	-0.37500063	-0.282624940	0.079105923	-0.1213215782	0.114032089	0.0201391853	-0.074565908	-0.014841444	-0.4882539396	0.0415472891	-0.58966315	0.1029278767	-1.630426e-01	-0.0449862704
96	16	WALKING_UPSTAIRS	0.2559861	-0.014365495	-0.12407452	0.8268743	-0.080592603	-0.379059698	0.07625267	1.737293e-02	3.805336e-02	0.0718408878	-0.048613679	-0.0077928802	-0.14090829	-0.02962113	-0.035416300	-0.2339903316	-0.2339903316	-0.483219050	-0.308260568	-0.73770516	-0.47498401	-0.268063813	-0.33585304	-4.380311e-01	-0.223644984	-0.3015082489	-0.546088863	-0.468605205	-0.56522084	-0.33223773	-5.357992e-01	-0.519560112	-0.53239972	-0.64201806	-0.49242749	-0.380643599	-0.311988460	-0.4197840418	-0.370649738	-0.0937396806	-0.475597718	0.067344371	-0.6305466755	-0.2792310713	-0.78783363	0.1345378923	2.389275e-02	0.0808783829
97	17	LAYING	0.2697801	-0.016846201	-0.10700628	-0.1991331	0.658792072	0.722657502	0.07790897	7.068671e-03	-1.435425e-04	-0.0234756467	-0.094458019	0.1114404903	-0.10204976	-0.03619611	-0.060492705	-0.9530214111	-0.9530214111	-0.981607628	-0.960733122	-0.98554241	-0.97435928	-0.954648102	-0.96540609	-1.151418e-01	0.054607561	0.0834467171	-0.981472069	-0.977212388	-0.98038006	0.18844798	2.793059e-02	0.026575233	-0.97194921	-0.97366910	-0.97616485	0.006567923	0.015484763	0.1319705842	-0.961046326	-0.0494678209	-0.979687319	0.374273669	-0.9690144448	-0.0465567390	-0.98276553	0.2428508623	7.772761e-03	0.0190444743
98	17	SITTING	0.2773570	-0.014156274	-0.11362409	0.9448837	-0.002814673	-0.135803882	0.07507099	5.609710e-03	-1.554484e-03	-0.0425491590	-0.066924593	0.0860053803	-0.09424770	-0.04111342	-0.051090324	-0.9727473464	-0.9727473464	-0.992814715	-0.967177744	-0.99633479	-0.99396938	-0.969927989	-0.97484160	2.848663e-02	0.135749050	0.1839136304	-0.994542621	-0.988327420	-0.98882807	0.23200976	8.853390e-02	0.099508167	-0.98841107	-0.98879398	-0.98161710	0.167684959	-0.148799346	0.1234302409	-0.973626755	0.1260096691	-0.991427250	0.381521255	-0.9833692923	-0.0181759388	-0.99520456	0.3586823610	-9.176150e-03	0.0028135219
99	17	STANDING	0.2779425	-0.017412006	-0.11143215	0.9046785	-0.257486818	-0.202687757	0.07408650	6.578535e-03	-4.035996e-03	-0.0269576937	-0.077063213	0.0880561869	-0.10128917	-0.04045188	-0.054633133	-0.9776359814	-0.9776359814	-0.991742754	-0.978184577	-0.99367297	-0.99092753	-0.974170569	-0.98023158	-3.255325e-02	0.045520774	0.1075847337	-0.992129226	-0.986278342	-0.98956363	0.25711820	7.399873e-02	0.084722621	-0.98069626	-0.98733404	-0.98595498	-0.139034613	-0.162736719	0.0601796814	-0.980967748	0.1190584075	-0.990162799	0.426849041	-0.9842911315	-0.1156351418	-0.99272394	0.3146178143	1.511425e-02	0.0030196722
100	17	WALKING	0.2723419	-0.018487540	-0.10979212	0.9281124	-0.179927383	-0.190265950	0.07731886	1.300985e-02	2.437533e-02	-0.0092226552	-0.083977334	0.0757132657	-0.10995924	-0.03792513	-0.051380717	-0.1511514877	-0.1511514877	-0.301093269	-0.335009837	-0.51716744	-0.36099167	-0.065026762	-0.38283280	-4.149410e-01	0.008571381	-0.0933328732	-0.423446095	-0.194232722	-0.52342706	-0.43680842	-4.004934e-01	-0.446731877	-0.40771671	-0.49016629	-0.39880922	-0.102582659	-0.076168117	-0.1632707279	-0.429380043	0.1743492278	-0.335938892	0.027410327	-0.5186180587	0.3515646888	-0.58271186	0.1520442287	6.318500e-02	-0.0086062489
101	17	WALKING_DOWNSTAIRS	0.2939183	-0.016735940	-0.08924327	0.9288176	-0.151077058	-0.160962986	0.11825086	-1.138262e-02	-9.398381e-03	0.0677728391	-0.123517196	0.0162878746	-0.10777003	-0.03817024	-0.058251885	0.1489511035	0.1489511035	-0.221631694	-0.232641763	-0.54032579	-0.02262392	-0.130272515	-0.31808186	-5.145622e-01	-0.155801014	-0.1133331856	-0.215092049	-0.351268404	-0.49866846	-0.50855703	-5.590858e-01	-0.452939005	-0.31641296	-0.45112687	-0.40338039	-0.279498022	-0.074445168	-0.1547267986	0.058068052	-0.0553633753	-0.188680400	-0.044594637	-0.4094387583	-0.0258920215	-0.57734888	0.1630452881	-6.177845e-02	-0.1205539757
102	17	WALKING_UPSTAIRS	0.2526048	-0.022864561	-0.12129044	0.8535306	-0.284153753	-0.298171464	0.07680442	3.083565e-02	7.595338e-03	-0.0304250571	-0.054845594	0.0560931358	-0.14265540	-0.04144963	-0.022348209	-0.0128062277	-0.0128062277	-0.357233898	-0.235191249	-0.63736749	-0.13975222	-0.117519736	-0.39992349	-5.292345e-01	-0.156694375	-0.2583213941	-0.360272226	-0.377051929	-0.63301771	-0.57604400	-4.740560e-01	-0.552822976	-0.41622302	-0.52143542	-0.32427371	-0.230933831	-0.210551597	-0.3491785713	-0.150305643	-0.1844085150	-0.360299853	-0.089013615	-0.5040669569	-0.1035208903	-0.66900876	0.0865541720	5.899563e-02	0.0683932525
103	18	LAYING	0.2746916	-0.017393768	-0.10769893	-0.2206005	0.719755404	0.605495318	0.07499850	1.170190e-02	-1.213448e-03	-0.0251761807	-0.083758731	0.0937781948	-0.09971542	-0.03934402	-0.059313599	-0.9864562415	-0.9864562415	-0.988321540	-0.980740847	-0.99309512	-0.98517997	-0.984909885	-0.98860691	-9.752781e-02	0.264460074	0.3242755389	-0.986404709	-0.985865325	-0.98911687	0.15976110	5.516928e-02	0.166856209	-0.99243693	-0.98561117	-0.98499929	0.055156416	-0.055605412	0.1930838560	-0.986788412	0.3394726491	-0.988548418	0.393635924	-0.9843290922	0.1593754266	-0.99190101	0.3201322353	7.802015e-03	0.0285001831
104	18	SITTING	0.2772700	-0.012869128	-0.11190478	0.9098165	0.129886476	0.161877418	0.07662289	6.945603e-03	2.787570e-03	-0.0333057034	-0.068579634	0.0848140512	-0.09547232	-0.03971256	-0.052303040	-0.9836741518	-0.9836741518	-0.989869575	-0.977634992	-0.99487344	-0.99314492	-0.976538530	-0.98299644	5.123633e-02	0.171289880	0.1714594817	-0.991924710	-0.983642392	-0.98868967	0.23474757	6.871954e-03	0.043743888	-0.98996150	-0.98870270	-0.98302739	0.113674950	-0.150376357	0.1032033883	-0.984781467	0.3045810575	-0.990407076	0.459090850	-0.9865352421	0.0492559518	-0.99480819	0.3296174667	1.463484e-02	0.0111668165
105	18	STANDING	0.2784588	-0.016635352	-0.10845336	0.9475732	-0.204206321	-0.048576711	0.07535395	1.046987e-02	-1.816405e-03	-0.0265873249	-0.073226013	0.0843190676	-0.09871740	-0.04065734	-0.053238445	-0.9726074953	-0.9726074953	-0.985965294	-0.963006793	-0.98868595	-0.99040992	-0.961239135	-0.97577281	1.566958e-02	-0.043710454	-0.0176421533	-0.989544971	-0.975243690	-0.98626565	0.20029594	-1.574320e-01	0.004089661	-0.96442893	-0.98356116	-0.97429441	-0.250059301	-0.264498462	-0.1004561906	-0.976797646	0.0447928489	-0.984987073	0.361013970	-0.9723525930	-0.2125596908	-0.98896067	0.0985401527	9.917167e-03	0.0006368392
106	18	WALKING	0.2738878	-0.017802363	-0.10421832	0.9238652	-0.254317086	-0.060931342	0.07675243	2.827455e-02	1.068509e-02	-0.0399399716	-0.061372736	0.0944718395	-0.09664353	-0.04337711	-0.050263157	-0.2879080780	-0.2879080780	-0.379269262	-0.500471148	-0.63648590	-0.37147516	-0.243606271	-0.48977105	-3.621071e-01	0.063930296	0.0048836155	-0.414797154	-0.361908549	-0.60114725	-0.34877438	-3.372933e-01	-0.206330044	-0.60967343	-0.57089815	-0.53815234	0.018239460	-0.281459547	-0.2355977771	-0.424386734	0.1316468531	-0.414037751	0.089329359	-0.6203313943	0.1756385812	-0.71059631	0.2699676150	3.926828e-02	0.0230035142
107	18	WALKING_DOWNSTAIRS	0.2884395	-0.016866692	-0.10339081	0.9322775	-0.225809125	-0.049363673	0.08090440	-7.570694e-04	-1.417699e-02	-0.0576548656	-0.063621434	0.0987471683	-0.08365666	-0.05091203	-0.057059181	-0.2935319736	-0.2935319736	-0.466516044	-0.381022815	-0.70166307	-0.35008679	-0.309049614	-0.50582436	-4.358415e-01	-0.140094304	-0.0976588501	-0.412728287	-0.465982666	-0.62213590	-0.33419378	-4.302091e-01	-0.313077962	-0.48923227	-0.64152760	-0.44703070	-0.300670600	-0.235263360	-0.2116495158	-0.241973535	-0.0768405980	-0.383398713	0.005930036	-0.6047354144	-0.1592210759	-0.74423605	0.0717609181	-2.705133e-02	-0.0321249909
108	18	WALKING_UPSTAIRS	0.2654012	-0.022206068	-0.11265589	0.8833303	-0.316619946	-0.106112549	0.08124020	2.116547e-02	9.358966e-03	-0.0470683915	-0.052613382	0.0906736478	-0.08999530	-0.05274726	-0.069253621	-0.2791463128	-0.2791463128	-0.601463948	-0.369108600	-0.78165269	-0.46509726	-0.363450743	-0.52272838	-5.175968e-01	-0.249448649	-0.4068852862	-0.589410590	-0.579650286	-0.73614927	-0.44208938	-4.660431e-01	-0.512443088	-0.59232371	-0.64981727	-0.50436410	-0.304205041	-0.502729413	-0.3223330664	-0.436561064	-0.2186155282	-0.574481397	-0.029034255	-0.6540290893	-0.3381257768	-0.82619316	0.0772586583	1.459570e-02	0.0709435610
109	19	LAYING	0.2726537	-0.017142686	-0.10898146	-0.6800432	0.725646623	0.687623853	0.07723180	1.114957e-02	-9.886909e-04	-0.0312072731	-0.095262801	0.1086051137	-0.09560183	-0.03714766	-0.059916148	-0.9662608069	-0.9662608069	-0.984784340	-0.953263433	-0.98534250	-0.97453373	-0.972798824	-0.98534045	-2.531887e-01	0.292492930	0.2937222609	-0.983478562	-0.974878271	-0.98650649	0.13527744	8.382270e-02	0.117028928	-0.97419622	-0.97206100	-0.97393233	0.249209412	-0.156450013	0.0518654912	-0.971957401	0.1684811966	-0.980621564	0.211317150	-0.9656247245	0.0778651217	-0.98189047	0.0457006718	-2.110749e-02	0.0113723793
110	19	SITTING	0.2738303	-0.016739260	-0.10870765	0.5813715	0.360343535	0.489126595	0.07537471	1.379210e-02	1.731068e-03	-0.0214151280	-0.052020789	0.0968980718	-0.10098613	-0.04251702	-0.059080168	-0.9620740656	-0.9620740656	-0.986423976	-0.942229044	-0.98945032	-0.97923803	-0.960763182	-0.96633509	-3.152881e-01	-0.007410602	-0.0035781574	-0.986775590	-0.979141572	-0.98398048	0.09170031	-9.257591e-02	0.018538185	-0.98174366	-0.96818868	-0.96823578	-0.019286812	-0.393021958	-0.1473669714	-0.962632578	-0.0538580142	-0.983751647	0.268456602	-0.9642387685	-0.1924516208	-0.98672742	0.0978646251	3.584152e-02	-0.0203678172
111	19	STANDING	0.2781723	-0.015424406	-0.10904190	0.9440458	-0.223897808	0.130643718	0.07541204	9.913383e-03	1.292163e-03	-0.0250905740	-0.063142983	0.0710520180	-0.09904679	-0.04229185	-0.052376987	-0.9605056836	-0.9605056836	-0.983068924	-0.941745041	-0.98580164	-0.98735205	-0.952872872	-0.96854335	4.241640e-02	-0.036260517	0.0261012091	-0.985039596	-0.970011346	-0.98346330	0.19913594	-1.125138e-01	0.028630864	-0.94786564	-0.97506167	-0.96510064	-0.283665470	-0.291796964	-0.1139764279	-0.968910789	0.0017811267	-0.979135413	0.290737135	-0.9585781296	-0.2470236169	-0.98453661	0.0645676883	1.349427e-02	0.0055184556
112	19	WALKING	0.2739312	-0.019177359	-0.12273667	0.9352226	-0.223338100	-0.089842880	0.08222463	1.441135e-02	-3.275287e-02	-0.0274970980	-0.075156933	0.0798106982	-0.08323533	-0.03071284	-0.060309196	0.0648173439	0.0648173439	0.109450990	0.100045071	-0.16469998	-0.02998157	0.169258576	-0.10442336	-1.764475e-01	0.057076730	0.3518600116	0.033638100	0.010731870	-0.12936790	-0.21478705	-3.880959e-01	-0.005404424	0.22814236	-0.09735498	-0.01050471	-0.093616218	-0.076583236	-0.0330194536	0.032227230	0.3073949506	0.073017993	0.124998092	-0.0952460452	0.1743592313	-0.26244282	0.2503826868	-3.473716e-02	0.0098040475
113	19	WALKING_DOWNSTAIRS	0.2626881	-0.014594228	-0.13369524	0.8819409	-0.215018042	-0.126146869	0.07309303	-3.868721e-02	-9.552025e-03	-0.2057754273	0.027470756	0.1639625108	-0.03374296	-0.03946126	-0.054556556	0.6446043251	0.6446043251	0.434490401	0.418004609	0.08758166	0.53701202	0.494457802	0.11065922	-3.231372e-01	0.012611351	0.2939563865	0.474317256	0.276716853	0.05959058	-0.24057587	-3.875478e-01	-0.116947002	0.47496245	0.14708314	0.21067307	-0.147027421	0.101341293	0.1956648531	0.586637551	0.2264616745	0.538404846	0.174679438	0.2039797648	0.1634179754	-0.02290453	0.1851854916	5.441817e-05	0.0187805524
114	19	WALKING_UPSTAIRS	0.2421188	-0.030398662	-0.15105461	0.8294284	-0.387100709	-0.221008763	0.08315451	5.681859e-02	3.166820e-02	0.0388537088	-0.134514321	-0.0002332482	-0.10180630	-0.03462885	-0.053354588	0.0173811935	0.0173811935	-0.114189606	-0.061615771	-0.37279053	-0.15687949	0.111818164	-0.21964447	-3.441017e-01	0.019767416	0.0488512924	-0.205322646	-0.073928372	-0.38065712	-0.27394274	-3.643480e-01	-0.187567271	-0.19448551	-0.22542182	-0.06612935	0.011172855	-0.191499706	-0.1520295249	-0.079628763	0.1670048043	-0.187391317	0.296851347	-0.2888402678	0.0750700310	-0.47718391	0.2603464414	2.170966e-02	0.0058562136
115	20	LAYING	0.2395079	-0.014440628	-0.10427432	-0.4724314	0.864882957	0.477573305	0.08927160	1.108225e-03	-3.098918e-03	-0.0231760616	-0.095489963	0.1236802099	-0.09950331	-0.03877630	-0.061002829	-0.9607431262	-0.9607431262	-0.984670074	-0.960447373	-0.98674950	-0.96572878	-0.965595958	-0.97639265	-2.130343e-01	0.274452421	0.2768985398	-0.983889985	-0.977220708	-0.98287621	0.11664208	2.122019e-02	0.028492921	-0.98261940	-0.97312003	-0.97227860	-0.043007851	-0.078400334	0.0083239205	-0.952827071	0.1877580185	-0.979695458	0.262706879	-0.9698322412	0.0116918216	-0.98111982	0.1996536475	1.038092e-03	0.0201551674
116	20	SITTING	0.2780454	-0.014722931	-0.10836963	0.9244545	0.073338541	0.151679135	0.07465684	5.974303e-03	1.601349e-03	-0.0364059290	-0.065068935	0.0642882138	-0.09599708	-0.04072992	-0.046583515	-0.9527380430	-0.9527380430	-0.978774578	-0.939574436	-0.98301028	-0.98120306	-0.945198619	-0.94759746	-6.188904e-02	-0.005009286	0.0087388649	-0.982243603	-0.971158288	-0.97321146	0.13660113	-1.244083e-01	-0.083122975	-0.96991328	-0.96464307	-0.95096336	-0.032701888	-0.314720986	-0.1446548379	-0.946913452	0.0408663540	-0.971730463	0.229713243	-0.9533990682	-0.1749801350	-0.97610835	0.1336353438	2.950227e-02	0.0217677663
117	20	STANDING	0.2780769	-0.018069505	-0.10040276	0.9112318	-0.305938717	0.070865529	0.07635562	1.169302e-02	-6.136819e-03	-0.0241335050	-0.069830892	0.0773671449	-0.10204913	-0.04321524	-0.051815225	-0.9224068574	-0.9224068574	-0.956624899	-0.883675029	-0.94793650	-0.96193273	-0.898194212	-0.92998582	-7.327939e-02	-0.164770676	-0.0103801729	-0.959710489	-0.935717554	-0.95274111	0.09824143	-3.161212e-01	-0.078293160	-0.88101942	-0.91064914	-0.91140991	-0.358192763	-0.360072092	-0.2351506187	-0.921225595	-0.0784367686	-0.940007897	-0.006134149	-0.8794376748	-0.3054153185	-0.92960001	-0.1337514405	1.462162e-02	0.0060084600
118	20	WALKING	0.2725893	-0.021199992	-0.11353948	0.8999652	-0.344443913	-0.035130214	0.08412343	-2.106196e-02	6.344572e-03	-0.0234104226	-0.074105055	0.0851359929	-0.06799924	-0.05141758	-0.054927371	0.0394022806	0.0394022806	-0.042935930	0.068627515	-0.19489325	-0.14740427	0.403465951	-0.27221386	-2.273199e-01	-0.003686026	0.2394146302	-0.138717234	0.157933952	-0.34599448	-0.25705115	-4.750801e-01	-0.152723042	-0.09362487	0.03101460	-0.10889250	-0.096699032	0.001397304	-0.0890585991	-0.003533418	0.2918827014	0.054526949	0.086481777	-0.0520065599	0.2066991128	-0.18036534	0.0212252251	-4.012483e-03	0.0302966773
119	20	WALKING_DOWNSTAIRS	0.2961444	-0.009641208	-0.10460293	0.9197266	-0.277419719	-0.028259158	0.06950311	4.364496e-03	-2.534821e-03	-0.1113677476	0.013902340	0.1039004805	-0.04525031	-0.05773715	-0.061531283	0.2218515879	0.2218515879	-0.061269984	0.093841944	-0.26818342	-0.03433100	0.524187687	-0.18809881	-4.975147e-01	-0.049495642	0.0511864886	-0.199360431	0.205829017	-0.35622025	-0.45094856	-4.985270e-01	-0.480248954	-0.06295726	-0.13809795	0.25703784	-0.221550022	-0.094529160	-0.1019617231	0.151887747	-0.1024749192	0.013791715	-0.112876280	-0.1005661035	-0.0374111876	-0.31166847	-0.0429685326	-5.539909e-02	0.0429476564
120	20	WALKING_UPSTAIRS	0.2520983	-0.028225805	-0.12102395	0.7770957	-0.479894843	-0.130117635	0.08364513	6.599826e-03	-2.454210e-02	0.0659193259	-0.174650965	0.0587019418	-0.14838917	-0.01898163	-0.051898545	0.0087250246	0.0087250246	-0.255611242	0.022330254	-0.37192842	-0.14043907	-0.029383244	-0.31843152	-4.484923e-01	-0.155662086	-0.1090836160	-0.256162265	-0.312161099	-0.49275590	-0.47500150	-5.534073e-01	-0.448063673	-0.37268435	-0.16234139	0.11507664	-0.157268646	-0.260134952	-0.2683677381	-0.205009295	0.0274686447	-0.215014032	-0.020223109	-0.2866277168	0.0046112734	-0.45039345	0.1190291967	5.772488e-03	-0.0550380313
121	21	LAYING	0.2713255	-0.018423305	-0.10325383	-0.1743492	0.599992678	0.788251027	0.08201502	1.199437e-02	-1.390534e-02	-0.0305126189	-0.113800486	0.0980906517	-0.09641184	-0.03462751	-0.060139866	-0.9525965832	-0.9525965832	-0.982800331	-0.949278890	-0.98591591	-0.96823438	-0.960069247	-0.96177219	-5.170305e-01	0.085748693	0.0249888788	-0.984188841	-0.972039417	-0.98163081	0.08837807	-2.575513e-02	0.043929421	-0.97341047	-0.96496801	-0.98081122	-0.105481414	-0.407760367	0.2662385450	-0.953769071	-0.1018028088	-0.978444124	0.299647661	-0.9623490129	-0.2065727018	-0.98299332	0.2099952374	7.529687e-05	0.0209488811
122	21	SITTING	0.2775396	-0.014400971	-0.11205789	0.9400314	0.021520671	-0.056776606	0.07571098	1.210201e-02	-1.753522e-04	-0.0198712821	-0.065307750	0.0831326043	-0.10111478	-0.03914834	-0.052640988	-0.9747349994	-0.9747349994	-0.985947225	-0.964971114	-0.99030735	-0.99061023	-0.968060947	-0.97085934	8.791106e-02	0.173532230	0.1279844742	-0.989759187	-0.979180439	-0.98343432	0.24434953	-1.184562e-02	0.025036037	-0.98489356	-0.97983094	-0.97683973	0.089046054	-0.161183349	0.0208820464	-0.974829227	0.2500626896	-0.985342359	0.327937039	-0.9778397024	0.0449663254	-0.99001427	0.2482995470	4.241696e-02	-0.0016166560
123	21	STANDING	0.2769522	-0.016708473	-0.11041786	0.8812133	-0.346155559	-0.207685690	0.07545439	1.006212e-02	-3.320937e-03	-0.0191731896	-0.073811587	0.0864863265	-0.10319980	-0.04043008	-0.053821174	-0.9587742981	-0.9587742981	-0.974765162	-0.949837152	-0.97685708	-0.97832769	-0.949694904	-0.96027414	-8.500762e-02	0.036634535	0.0292119055	-0.976803011	-0.964503016	-0.97478065	0.15607245	-1.157735e-01	-0.049404859	-0.95698996	-0.96008259	-0.95943256	-0.187974568	-0.248811283	-0.0796430682	-0.962291334	0.0947666459	-0.970634296	0.291946372	-0.9567230224	-0.1419923469	-0.97612676	0.1499792315	1.699999e-02	-0.0231209384
124	21	WALKING	0.2791835	-0.018161032	-0.10431933	0.8625248	-0.370984549	-0.220947960	0.07822518	2.351976e-03	-1.018134e-02	-0.0459323394	-0.059029444	0.0983715930	-0.08687677	-0.05156503	-0.062119210	-0.1234556615	-0.1234556615	-0.148138992	-0.284775645	-0.42693073	-0.27349616	0.033846581	-0.30030907	-1.594484e-01	0.043114993	0.0951469189	-0.200442011	-0.112564739	-0.40570016	-0.19510300	-3.649189e-01	-0.296175012	-0.24665738	-0.37174409	-0.28326247	-0.016863895	-0.017036139	-0.1407559659	-0.251266389	0.2327899206	-0.144009890	0.201672106	-0.4095160812	0.3855677904	-0.49959720	0.2077882408	-3.418504e-03	-0.0128303728
125	21	WALKING_DOWNSTAIRS	0.3014610	-0.017319539	-0.09816866	0.8726832	-0.356673290	-0.187870253	0.09014529	-2.139985e-02	-1.255511e-02	-0.1263880236	0.016214530	0.1486100210	-0.07264618	-0.07359522	-0.078843647	0.2457716990	0.2457716990	-0.080224180	-0.184850020	-0.45282868	0.10432353	0.181138043	-0.07697131	-4.372315e-01	-0.146948731	0.1323181028	-0.037789471	-0.107306348	-0.19683826	-0.28885698	-4.315067e-01	-0.304566055	-0.36674875	-0.30887987	-0.23822168	-0.221663382	0.047621859	-0.0827761198	0.239895894	0.0117020858	0.112442620	0.010640736	-0.4063922844	0.1308880380	-0.49080495	0.2213579941	3.253177e-02	-0.0416673578
126	21	WALKING_UPSTAIRS	0.2651945	-0.023721870	-0.12541427	0.7811772	-0.432309617	-0.309735039	0.10403422	-1.562901e-02	-3.601155e-02	0.0626086889	-0.155622431	-0.0054682976	-0.14435149	-0.01320228	-0.006940664	-0.0810453188	-0.0810453188	-0.355047694	-0.168982721	-0.57793564	-0.31916934	0.022159866	-0.32171297	-4.179906e-01	-0.096100362	-0.1364310408	-0.436839580	-0.205067301	-0.51981517	-0.26781708	-2.978308e-01	-0.395904944	-0.44697401	-0.44669158	-0.15576235	-0.144902650	-0.101887933	-0.3604495900	-0.257894449	0.0293348388	-0.355443707	0.167901535	-0.4753698868	-0.0184299309	-0.62891575	0.2081559341	-3.159203e-02	-0.0664956521
127	22	LAYING	0.2799597	-0.014262986	-0.11080092	-0.4184946	0.632484076	0.771903907	0.07522022	4.598348e-03	-4.674387e-03	-0.0208311371	-0.092572312	0.1450038793	-0.10020393	-0.03760873	-0.070272357	-0.9349937993	-0.9349937993	-0.971169779	-0.926616373	-0.98171694	-0.95375854	-0.925524703	-0.95421924	-2.246635e-01	0.087877583	0.2148694199	-0.969570327	-0.954833264	-0.97091894	0.07340341	-1.219648e-01	0.041552345	-0.95336692	-0.96469826	-0.94257024	-0.116959070	-0.143181334	0.0627250151	-0.929818991	0.0988290427	-0.962654792	0.208852833	-0.9460558410	-0.0786142233	-0.97663898	0.1124237084	2.763935e-02	0.0484043606
128	22	SITTING	0.2735838	-0.012346845	-0.10582737	0.8393059	0.208553884	0.315551492	0.08076873	-8.427151e-04	-1.268525e-02	-0.0360430675	-0.079361744	0.0804426775	-0.09864932	-0.04234098	-0.051719399	-0.9421673539	-0.9421673539	-0.979303714	-0.942077433	-0.98547603	-0.97850537	-0.939546008	-0.94663531	-1.627254e-01	-0.008069330	-0.0999192595	-0.980944506	-0.963129473	-0.97533072	0.21470463	-6.053851e-02	-0.035535553	-0.97726673	-0.95916175	-0.94836705	-0.039258234	-0.273301880	-0.1179750220	-0.943078237	-0.0543672717	-0.968908297	0.207314701	-0.9519527673	-0.1710711897	-0.97777545	0.0911684163	-3.105068e-03	-0.0152935294
129	22	STANDING	0.2790539	-0.015856321	-0.10496742	0.9540643	-0.226418774	0.032382498	0.07523229	1.072870e-02	-6.262917e-03	-0.0275201762	-0.069006769	0.0733466563	-0.09750135	-0.04209987	-0.051317925	-0.9548076613	-0.9548076613	-0.975876007	-0.931624304	-0.97860353	-0.98037391	-0.929161388	-0.95710179	6.723360e-03	-0.122387999	-0.0427793764	-0.974969215	-0.952141454	-0.97756743	0.22710321	-2.432113e-01	-0.026615130	-0.91701810	-0.97068244	-0.96232777	-0.391232980	-0.374460047	-0.1771965796	-0.949044483	-0.0729359542	-0.959743878	0.106970243	-0.9320652708	-0.3828185294	-0.96837780	-0.1829235966	4.626413e-03	0.0194333314
130	22	WALKING	0.2788646	-0.016721361	-0.10711251	0.9360964	-0.259644937	0.023378006	0.06277776	3.567463e-02	4.436914e-03	0.0007771571	-0.096088073	0.0775266595	-0.13297756	-0.03219107	-0.056981246	0.0722419122	0.0722419122	0.022919967	-0.210608044	-0.46199953	-0.09949286	0.145367520	-0.25521651	-2.183854e-01	0.309767108	0.3064734499	-0.036704708	0.159995614	-0.28197344	-0.10209505	-7.878823e-02	-0.003916088	-0.14464865	-0.50117690	-0.08350118	-0.037524372	-0.114134633	0.0677168286	-0.024158496	0.3686208291	0.065972728	0.097646181	-0.4383787228	0.2102823225	-0.55394612	0.2795741039	-7.002738e-03	0.0411484051
131	22	WALKING_DOWNSTAIRS	0.2844590	-0.019799937	-0.10741578	0.9218206	-0.222215179	0.041298796	0.10158464	2.111261e-02	1.124990e-02	-0.0779611213	-0.069715446	0.0500708761	-0.09017445	-0.03551714	-0.048146016	0.3309992219	0.3309992219	-0.017978463	-0.161333310	-0.45957967	0.19534841	0.225766561	-0.32279565	-3.677138e-01	0.028264442	0.1831540510	0.038336420	-0.003091553	-0.41953425	-0.24450350	-4.008924e-01	-0.198861107	-0.09543493	-0.52500684	-0.19491570	-0.191963044	-0.032496211	0.0129270711	0.155526859	0.1307825461	0.022478354	0.138397616	-0.3384173264	-0.0581080717	-0.58351052	0.3396563408	-4.772930e-02	-0.0517115658
132	22	WALKING_UPSTAIRS	0.2483915	-0.026862256	-0.11755086	0.8894544	-0.336826910	-0.095797899	0.08771722	3.670830e-02	-3.361697e-02	0.1349788079	-0.181458414	0.0157359245	-0.14845008	-0.03813126	-0.067457055	0.2102826083	0.2102826083	-0.095784034	-0.128031924	-0.56811187	-0.05539965	0.130686539	-0.22801995	-2.139683e-01	-0.034340400	-0.0330889779	-0.038244979	-0.075182928	-0.41444888	0.04660719	-2.704977e-01	-0.161561379	-0.19545699	-0.52394375	-0.19931307	-0.203542111	-0.170789279	-0.1474291369	-0.086690512	0.2937447700	-0.045802036	0.187559363	-0.3699020000	-0.2248916036	-0.66799600	0.2635271834	4.408666e-02	-0.0592812958
133	23	LAYING	0.2740380	-0.021655384	-0.10425678	-0.3915650	0.438434067	0.918782825	0.08317876	1.535144e-02	-6.282351e-03	-0.0113399725	-0.105052917	0.1110785947	-0.10202492	-0.03724498	-0.062199163	-0.9629591968	-0.9629591968	-0.987010197	-0.949418001	-0.98455748	-0.97003724	-0.982072296	-0.97751521	-4.241512e-01	0.063768882	0.2984166583	-0.986204659	-0.988230264	-0.98241551	0.20606687	9.827458e-02	0.230107946	-0.97967608	-0.96846914	-0.98423881	0.131455434	-0.147231394	0.2891845307	-0.967747053	0.0359321171	-0.985905704	0.338094711	-0.9662393479	0.1024532712	-0.98184685	0.2258850690	1.572816e-02	-0.0082333948
134	23	SITTING	0.2733513	-0.013394502	-0.10380868	0.9365092	0.121751062	0.063011156	0.07700224	1.013514e-02	-1.488234e-03	-0.0472583464	-0.068432555	0.0645673209	-0.09674222	-0.04346026	-0.048556109	-0.9440807729	-0.9440807729	-0.982375503	-0.936593427	-0.98651407	-0.98632567	-0.953460406	-0.94203117	4.594669e-02	0.130083858	0.0837341059	-0.984550864	-0.978136218	-0.97265623	0.28564353	-4.385974e-02	0.032313271	-0.97714999	-0.95792029	-0.96542883	0.070440199	-0.082620385	0.1375455175	-0.945837830	0.1622849077	-0.974121467	0.199533745	-0.9522932772	0.1254565603	-0.98070721	0.0531832552	1.156164e-02	-0.0022422696
135	23	STANDING	0.2778993	-0.017747555	-0.11059702	0.9198571	-0.117401360	-0.223631181	0.07502065	1.058615e-02	-5.292609e-03	-0.0327397745	-0.065226479	0.0816888999	-0.09814811	-0.04167742	-0.054822628	-0.9572122671	-0.9572122671	-0.978671485	-0.938430293	-0.97639925	-0.98362720	-0.962831825	-0.94517057	-4.281565e-03	0.002520267	-0.0022519526	-0.983283252	-0.975176562	-0.96961023	0.20117991	-8.782959e-02	-0.098828324	-0.94751044	-0.95278116	-0.96793957	-0.291595925	-0.197834986	-0.1639869728	-0.957986177	0.0611889891	-0.973798156	0.261655800	-0.9445838297	-0.1219996200	-0.97259881	0.1283762380	1.187900e-02	0.0156168896
136	23	WALKING	0.2732119	-0.018361871	-0.11338299	0.9398097	-0.161761370	-0.160763360	0.09873191	1.489559e-02	-1.908106e-03	-0.0631156870	-0.064019792	0.1077004507	-0.05781282	-0.05167048	-0.090300252	-0.0988770198	-0.0988770198	-0.067081966	-0.012096826	0.01153054	-0.27540419	-0.072436732	0.08140811	-2.712187e-01	0.107804589	0.1217989059	-0.290410455	-0.155488721	-0.05720213	-0.26987575	-2.788440e-01	-0.366737657	-0.33761920	0.19556946	-0.19497037	-0.007347798	0.166489216	-0.0544726684	-0.094260631	0.2818117093	-0.018070570	0.151735846	0.1850782074	0.4095216115	0.14661857	0.1766934485	3.045462e-02	-0.0766106377
137	23	WALKING_DOWNSTAIRS	0.2898974	-0.016211146	-0.09881237	0.9237114	-0.110028842	-0.153671532	0.05780106	3.750052e-02	-9.827171e-04	-0.0578230190	-0.085307746	0.0953602497	-0.11772582	-0.03528916	-0.029325502	0.1272111377	0.1272111377	0.112982476	0.039091548	-0.04631178	0.20542822	0.095943289	0.28051888	-2.346936e-01	0.013029852	0.1785209698	0.201542909	-0.072450456	0.15777569	-0.21012661	-1.819092e-01	-0.179004311	-0.21473071	0.32881701	-0.14126689	0.021633367	0.088128426	-0.0603317195	0.364829993	0.1678466457	0.335009724	0.057987422	0.1508257348	0.4026510902	0.07467546	0.2218494837	-7.870972e-02	-0.0309622597
138	23	WALKING_UPSTAIRS	0.2499952	-0.032384403	-0.12689062	0.8434388	-0.214481808	-0.355934450	0.07236500	3.998629e-02	1.592342e-02	0.0957940246	-0.111564389	-0.0325557522	-0.10991309	-0.05239438	-0.092499853	-0.0117536874	-0.0117536874	-0.311143885	-0.156527149	-0.50436715	-0.27260569	-0.076977394	-0.07057749	-4.169504e-01	-0.188068414	-0.2035071482	-0.365642513	-0.326236288	-0.34660524	-0.27870788	-3.573198e-01	-0.443171315	-0.43023923	-0.29044741	-0.16300129	-0.088703053	-0.136461408	-0.4134524160	-0.231382662	-0.0111619282	-0.302968065	0.148281881	-0.3803882922	0.0792232972	-0.51871565	0.2337700595	3.106528e-02	0.0332454766
139	24	LAYING	0.2728505	-0.017355521	-0.10723624	-0.3592925	0.738430699	0.683839910	0.08072123	1.198195e-02	-5.892258e-03	-0.0143679929	-0.095553805	0.1117307463	-0.10281381	-0.03823237	-0.062411697	-0.9718540425	-0.9718540425	-0.985529271	-0.953791513	-0.98278087	-0.97589369	-0.980830362	-0.97663482	-4.019454e-01	0.280889023	0.2426691918	-0.985998547	-0.982140614	-0.98154969	0.15235989	7.530411e-02	0.086269203	-0.97657056	-0.96611198	-0.98109304	0.213437011	-0.181215229	0.2585715162	-0.973171068	0.0811245567	-0.983108084	0.347309299	-0.9640013835	0.0544279336	-0.97859674	0.2618139450	1.699660e-02	0.0037376826
140	24	SITTING	0.2734757	-0.013125510	-0.10304106	0.9196376	0.182254652	0.109559621	0.07633185	4.767026e-03	-1.133002e-03	-0.0356229620	-0.075013270	0.0800440231	-0.09517827	-0.04061694	-0.051596655	-0.9689791565	-0.9689791565	-0.985555822	-0.964633252	-0.99130642	-0.98952951	-0.962773200	-0.96699178	-1.659930e-02	0.001548350	0.0972629588	-0.988857403	-0.979228238	-0.98197130	0.18775212	-8.844640e-02	-0.004461784	-0.98567652	-0.98120018	-0.97468689	0.041032720	-0.281538204	-0.0466430855	-0.968905031	0.0943831690	-0.984469963	0.353544370	-0.9779737207	-0.1038045395	-0.99085475	0.2122965115	2.055875e-02	-0.0050303666
141	24	STANDING	0.2803489	-0.014478534	-0.10822255	0.9664423	-0.145201301	-0.053058540	0.07461774	1.098397e-02	-3.587749e-03	-0.0278611511	-0.069254667	0.0771246149	-0.09919477	-0.04317386	-0.051718038	-0.9500610177	-0.9500610177	-0.977620954	-0.954518594	-0.98238727	-0.98418363	-0.948970158	-0.95381760	1.053207e-01	-0.093135741	0.0014607279	-0.981161641	-0.967720592	-0.97417047	0.20708844	-1.319478e-01	0.081477375	-0.95854019	-0.97042649	-0.97013339	-0.289553438	-0.129026964	-0.0650613444	-0.960066088	-0.0499986379	-0.972251355	0.293291553	-0.9639223142	-0.2215368774	-0.98111924	0.1448690509	1.294374e-02	0.0208373898
142	24	WALKING	0.2769808	-0.022544640	-0.11059595	0.9597011	-0.115116242	-0.140910030	0.07319390	1.212546e-02	-1.164014e-02	-0.0545126871	-0.065843588	0.0972006320	-0.06253117	-0.05028950	-0.073983552	-0.2999836140	-0.2999836140	-0.399722201	-0.403064157	-0.50782475	-0.49241980	-0.203193741	-0.34449301	-3.120463e-01	-0.067892712	0.0275268024	-0.509628169	-0.352829307	-0.46992022	-0.25317749	-4.396340e-01	-0.400928134	-0.46829508	-0.47984143	-0.39144792	-0.055099196	0.047995666	-0.2246715504	-0.434618912	0.1535882675	-0.418641047	0.102850168	-0.5345091638	0.3514920017	-0.57159439	0.2092004176	-3.030037e-03	-0.1027139285
143	24	WALKING_DOWNSTAIRS	0.2886312	-0.014573035	-0.10481882	0.9508834	-0.128326711	-0.140123155	0.08026198	-4.473163e-03	-8.469159e-03	-0.0867069011	-0.054230025	0.1119736506	-0.09141450	-0.02917663	-0.041205541	-0.0737699163	-0.0737699163	-0.263106945	-0.304965806	-0.49715224	-0.22232429	-0.086182975	-0.17382508	-5.416639e-01	-0.011684872	0.2012990745	-0.376175795	-0.225824357	-0.25000018	-0.39814462	-4.153054e-01	-0.297520698	-0.27246921	-0.43347543	-0.39628665	-0.054528737	0.093588464	0.0208409579	-0.023170163	-0.0364416084	-0.200830137	-0.001985371	-0.3742986867	0.1647726429	-0.47444993	0.0997292209	-5.630718e-02	0.0070607027
144	24	WALKING_UPSTAIRS	0.2698811	-0.025197943	-0.11424861	0.9063695	-0.237498409	-0.227134869	0.08623101	-1.508160e-02	-1.323537e-02	0.0883163772	-0.105932947	0.0248290703	-0.14680085	-0.03173506	-0.049842723	-0.2264028220	-0.2264028220	-0.488487621	-0.334435840	-0.65875163	-0.39579055	-0.252412542	-0.31279221	-5.024633e-01	-0.271713647	-0.0999242115	-0.515644617	-0.527604244	-0.48339099	-0.39283127	-5.088767e-01	-0.426530075	-0.50318868	-0.54662098	-0.37218291	-0.187707848	-0.067744122	-0.3435696791	-0.322300989	-0.1137270648	-0.429800779	0.007767268	-0.5646649947	-0.0612402085	-0.64611467	0.0122259033	-1.906946e-02	-0.0093226670
Showing 1 to 16 of 180 entries, 88 total columns